#OTU ID	S324	S164	S400	S346	S145	S568	S389	S459	S566	S579	S532	S332	S119	S147	S112	S169	S325	S105	S355	S165	S55	S229	S116	S58	S176	S507	S490	S565	S161	S341	S511	S571	S92	S354	S557	S174	S71	S113	S166	S533	S580	S168	S554	S516	S100	S508	S336	S276	S267	S111	S638	S647	S668	S196	S210	S632	S76	S436	S603	S683	S21	S454	S644	S678	S456	S425	S642	S599	S687	S674	S433	S320	S653	S663	S648	S423	S303	S444	S662	S288	S596	S435	S602	S637	S80	S260	S37	S90	S453	S428	S438	S701	S645	S604	S286	S608	S609	S698	S643	S685	S652
Otu000002_Sphingomonas	879	4410	206	230	45	2654	18878	714	458	1038	64	0	4427	1075	75	849	2082	29	6234	4722	780	31	3011	593	1480	60	910	10816	20	162	3327	2396	14498	3012	9499	2823	1948	40	1451	118	1203	1287	6238	6936	508	127	264	7015	1	6	297	1304	2285	1575	2689	82	48	160	22	507	57	140	634	1653	77	145	93	172	350	2012	141	453	478	802	3653	1486	435	886	496	710	1717	397	338	104	266	761	457	1709	374	130	257	990	541	123	107	0	282	380	274	899	1868
Otu000003_Methylobacterium-Methylorubrum	1632	1123	4	179	148	136	968	2418	3	38	13	503	1005	35	183	458	382	0	48	217	251	111	44	146	190	166	361	175	52	60	37	69	160	53	79	2125	3020	203	686	6	215	259	35	37	172	97	516	787	291	9	566	73	242	685	1468	81	241	52	27	89	309	197	304	411	133	279	178	92	90	396	41	221	191	130	111	308	0	191	104	154	29	88	126	360	354	237	308	305	199	373	150	425	92	115	176	43	35	85	263	442	82
Otu000004_Duganella	22	82	32232	1363	2960	8759	1091	77	8	2664	19521	39	7061	11	1256	12	2522	3	984	366	10551	1239	1167	9094	1003	11554	199	2	65	625	970	7086	38	220	1809	348	586	777	148	6585	177	619	3041	23	7	36	5	4	12	6	30	19	224	27	7	30	85	5	188	76	18	33	78	24	30	35	21	142	9	115	15	30	0	75	163	101	41	7	383	0	168	28	35	198	3	0	45	9	8	15	4	33	217	43	0	154	514	19	306	12	7
Otu000005_Pseudomonas	5	1087	0	259	134	214	1157	291	3	14513	120	136	71	58	18412	89	736	1	4582	3945	1073	316	395	36	8117	9	347	83	9	1645	996	480	0	19	381	81	22	355	326	2985	5155	19	234	48	6	29	325	11	226	3	17	4	18	61	97	27	4199	7	723	34	12	29	69	37	26	19	19	4	31	313	59	79	31	2	148	519	21	68	80	0	184	9	31	23	1	3	198	46	8	11	11	152	121	69	60	6	23	93	39	30	7
Otu000006_Pseudomonas	20	7691	184	1	21187	415	260	528	23813	1457	13	0	2672	19466	1	14861	2	0	89	6350	89	36	1055	1506	258	49	8062	665	15227	1	1904	2811	37	25	610	240	12	1	1862	9	2825	7628	118	5513	62	2	36	2140	335	380	0	0	102	27	5	0	5	0	2	0	0	5	24	25	0	65	0	0	135	802	0	0	0	2346	52	0	0	0	362	0	1	0	0	0	7	0	223	0	1	14	0	230	10	1	0	0	457	168	0	0	1
Otu000009_Flavobacterium	678	2096	145	1969	0	5556	378	117	6	134	237	809	610	6	103	1492	0	0	25	150	232	1731	2059	561	0	3	1123	0	28	4778	29	75	0	0	10	4	1011	5	731	33	488	131	141	4	6	406	106	6	0	0	442	108	165	13	105	67	292	72	1119	68	92	137	60	37	67	382	531	21	152	577	163	43	51	382	43	594	0	106	65	19	30	35	4	575	44	139	54	0	41	207	7	137	43	115	214	17	2225	248	564	2	8
Otu000010_Brevundimonas	546	1480	21	123	12	1334	294	1238	2	45	13	20	56	43	1	438	158	2	164	187	54	227	633	24	1096	127	168	245	5	230	133	421	5	946	170	226	46	7	444	51	100	335	166	5	117	1050	390	30	109	6	128	276	129	336	190	53	216	143	55	59	186	86	76	92	88	190	104	47	355	127	229	120	136	287	205	488	48	359	100	39	70	161	38	106	104	125	59	38	64	114	911	120	69	130	177	73	68	59	143	66	73
Otu000011_Rathayibacter	0	84	7	46	18	199	0	116	0	282	2	1225	1178	1098	72	351	0	0	96	176	263	10	92	100	7	1	51	82	12	14	2778	9	17	282	147	1	21	18	309	2	1564	454	114	22	0	0	92	160	0	0	2	117	189	21	128	1	44	43	26	70	62	45	313	542	79	47	9	53	136	1078	113	126	44	321	350	371	0	9	119	102	600	55	149	11	2	6	11	138	30	81	63	270	287	167	13	12	86	518	14	256	22
Otu000012_Buchnera	1	0	0	6663	1	0	0	0	0	0	0	0	0	0	0	0	0	19684	0	0	0	0	0	0	0	0	0	0	47	0	0	0	0	0	0	0	0	10980	0	0	0	0	0	0	6177	0	0	0	0	10327	0	0	0	0	0	0	7	0	0	0	0	0	0	0	0	0	0	0	0	0	0	0	0	0	1	0	0	0	0	0	0	0	0	0	0	0	1434	4	0	0	0	0	0	0	0	0	10	0	0	0	0
Otu000013_Oxalobacteraceae_unclassified	554	471	3	1877	0	286	9	164	0	5	612	23	231	0	539	46	451	0	5	39	9	3	139	41	78	62	173	0	1	855	9	16	0	5	5	7	61	5	159	250	25	14	93	3	397	359	16	2	0	3	63	181	440	44	13	82	49	67	54	297	51	127	127	152	9	199	53	821	553	31	215	195	35	193	23	219	0	60	124	35	16	142	302	111	16	59	52	29	24	91	63	75	73	66	30	15	142	39	54	6	211
Otu000014_Allorhizobium-Neorhizobium-Pararhizobium-Rhizobium	82	1097	3	130	90	1143	378	3117	0	663	460	518	422	107	0	249	231	0	845	130	759	169	419	1455	426	277	468	91	189	333	28	215	17	4162	221	0	2	0	2940	550	5	93	297	0	3497	1388	0	0	0	1	26	5	6	8	10	0	0	12	1	8	0	106	31	55	3	30	20	3	1	13	5	9	6	108	18	67	0	10	143	0	14	15	0	11	14	0	9	6	0	6	0	17	27	19	0	0	66	3	5	1	3
Otu000015_Sphingomonas	355	109	7	27	88	164	36	284	48	14	6	1372	9	9	20	48	429	0	23	20	20	83	27	200	82	60	137	23	8	9	3	26	11	43	53	236	102	123	64	1	13	33	16	3	264	57	158	53	200	253	458	78	35	510	204	42	136	8	5	70	193	71	153	238	46	11	79	28	39	79	57	50	92	53	62	135	0	55	19	41	50	45	28	136	6	46	145	325	143	39	22	69	84	49	55	29	26	7	146	48	51
Otu000016_Methylobacterium-Methylorubrum	272	29	0	16	506	31	117	127	0	32	3	1	41	2	58	83	1047	0	6	5	239	15	9	30	122	10	83	142	2	11	45	28	54	6	498	956	172	14	131	5	55	45	40	3	4	6	772	71	769	8	88	7	317	100	467	22	36	6	21	26	162	17	97	49	32	19	24	57	30	68	5	101	46	19	83	64	0	29	13	28	68	6	40	20	32	21	202	51	120	17	38	49	16	86	68	25	5	7	48	69	29
Otu000017_Oxalobacteraceae_unclassified	54	158	58	1463	33	338	200	65	10	107	268	0	1249	45	41	48	1270	0	1926	782	996	35	27	24	236	80	15	0	35	1942	2686	123	18	157	52	48	153	16	168	176	61	307	266	5	10	1979	274	0	0	0	32	26	44	12	21	48	112	30	50	54	35	23	85	51	13	48	33	62	21	86	51	7	9	22	66	163	0	54	65	0	33	53	36	69	0	10	59	2	20	30	18	13	74	135	46	70	9	35	130	20	18
Otu000018_Comamonadaceae_unclassified	863	553	3	328	126	225	47	45	51	51	40	51	759	53	1	281	6	54	7	69	8	277	154	16	141	121	237	97	0	49	22	21	5	60	73	2	43	6	198	65	48	83	464	3	29	371	346	21	0	0	75	111	127	112	218	21	126	102	14	125	101	59	239	148	78	110	53	47	91	68	126	126	54	84	140	97	1	157	63	14	327	97	102	80	18	28	118	40	34	85	66	63	151	22	52	37	41	39	50	136	69
Otu000019_Truepera	9719	0	0	0	0	1	0	0	0	1	0	0	0	0	0	0	0	0	3	0	28	0	2	0	1	0	0	0	0	0	0	0	1	0	0	0	0	2	0	0	0	0	0	0	0	2	0	0	0	0	23	0	72	45	21	15	75	12	1	0	78	5	0	4	25	19	3	0	4	8	6	0	4	4	0	0	0	1	0	0	0	10	6	7	796	0	0	19	3	3	6	3	0	2	0	0	1	23	3	4	0
Otu000020_Oxalobacteraceae_unclassified	3	219	249	2403	161	200	15	91	0	119	412	7	545	0	231	25	11	0	794	29	54	26	375	15	83	1731	16	0	8	270	21	54	60	3888	19	3	26	0	41	273	14	15	55	1	57	2343	36	29	0	0	17	3	20	9	1	47	66	2	76	9	0	8	3	29	10	71	14	15	70	25	4	4	12	6	13	115	0	21	8	0	102	31	108	14	5	18	80	36	7	13	1	46	8	7	4	1	1	9	72	0	7
Otu000024_Allorhizobium-Neorhizobium-Pararhizobium-Rhizobium	191	89	0	184	330	114	45	409	0	11	94	118	55	19	1	52	2	0	380	22	47	8	47	459	117	114	64	232	7	109	14	20	6	128	110	13	2	167	50	16	28	31	62	2	338	51	247	19	230	27	71	10	24	53	46	7	210	5	12	35	163	60	35	23	21	28	10	23	7	39	10	24	6	28	26	54	0	52	12	37	181	4	108	35	12	53	18	0	60	18	12	35	26	19	10	3	37	8	49	36	25
Otu000027_Bosea	331	288	9	47	522	122	0	44	1	14	57	338	27	18	0	27	0	0	38	36	21	19	41	10	152	85	78	2	1	40	1	14	1	32	52	0	167	16	154	9	24	35	31	11	29	175	135	0	0	0	192	140	93	329	141	81	46	51	24	46	54	58	40	37	103	115	71	18	44	35	34	59	67	98	40	18	0	113	79	6	4	55	5	79	185	50	35	2	33	95	157	45	114	63	132	14	15	8	52	3	23
Otu000028_Oxalobacteraceae_unclassified	188	77	0	516	0	49	6	29	0	0	5	94	19	0	3	1	0	0	2	8	12	0	45	9	0	0	44	0	8	11	4	4	0	1	1	0	91	0	54	68	6	32	25	0	16	17	0	0	0	0	172	68	33	52	5	50	0	37	102	318	97	58	36	16	95	60	174	323	74	10	70	58	14	11	3	5	0	48	12	43	7	33	69	129	13	80	36	0	54	43	33	20	16	37	1	41	20	9	76	7	260
Otu000030_Aeromicrobium	36	911	0	9	18	216	11	10583	0	263	5	0	27	18	3	119	259	0	2218	92	17	5	30	84	51	1	8	848	0	0	107	0	0	10	31	31	11	7	488	0	4	106	132	0	3	6	60	16	0	0	4	34	18	83	152	1	53	5	26	15	18	9	80	4	23	4	2	12	23	44	4	26	19	81	39	261	0	328	28	0	18	4	26	10	9	0	2	35	2	6	5	12	46	10	17	16	2	47	0	37	12
Otu000033_Aureimonas	102	341	2	55	238	106	6	46	0	4	7	1	59	12	44	145	0	0	58	76	14	7	11	61	536	45	47	396	2	11	32	2	18	281	86	739	18	36	64	1	15	85	115	0	269	38	27	26	0	0	148	97	46	291	246	6	42	22	2	73	65	22	65	254	13	10	12	19	22	23	16	47	24	40	70	62	0	100	14	12	44	17	45	27	5	73	7	113	25	25	73	15	58	12	10	1	9	11	33	10	50
Otu000034_Micromonosporaceae_unclassified	287	19	2	37	11	0	0	112	0	2	0	4	3	0	0	17	0	5	5	4	19	81	0	8	3	0	22	0	0	0	0	0	0	3	4	0	2	6	110	0	0	1	0	0	22	4	26	20	317	0	4	62	154	23	2	2	4	51	174	31	125	163	30	14	63	25	93	7	63	11	27	3	49	4	18	3	0	16	108	81	1	29	18	11	26	66	33	7	65	211	85	38	29	115	6	325	13	29	3	44	1
Otu000036_Aetherobacter	0	0	0	1	0	2	0	0	0	31	0	0	32	0	0	0	0	0	0	0	0	15	4410	1	0	0	0	0	0	0	7	4	0	0	2	0	1	0	0	0	0	0	0	0	0	0	0	0	0	0	122	35	0	0	1	0	41	283	24	268	0	7	18	1	24	64	3	161	69	4	214	47	51	0	14	0	0	590	12	2	4	309	52	0	29	83	16	0	0	0	31	125	268	0	0	7	0	30	0	0	28
Otu000037_Methylotenera	27	63	34	20	0	273	2	1235	0	11	3	20	1	0	0	0	0	0	9	39	76	862	70	833	45	0	151	4	0	20	1	58	0	0	17	2	35	0	0	0	7	2	39	0	0	0	0	141	0	0	224	52	18	26	34	0	0	73	26	9	646	162	44	21	80	40	152	1	13	14	49	3	3	22	10	2	0	24	23	0	29	20	9	102	39	0	0	1	15	13	21	34	17	0	37	0	0	33	113	0	47
Otu000039_Bacillus	20	10	24	46	0	0	0	116	0	1	0	0	0	0	0	15	0	7	0	1	27	395	0	10	5	0	20	1	0	10	0	0	0	0	3	0	232	23	3	3	30	2	6	16	2	1	31	13	1	0	8	13	0	39	11	1	23	11	12	70	5	49	14	15	27	3	6	190	28	3	10	75	18	4	1	0	0	60	0	118	21	10	162	1	0	92	0	0	11	6	14	7	8	11	62	38	0	5	0	17	41
Otu000041_Polyangiaceae_unclassified	125	100	0	0	0	0	8	0	0	0	0	16	187	0	0	0	0	0	0	0	14	4	0	2	0	0	0	0	0	0	0	2	11	0	0	0	0	66	0	0	0	0	0	0	0	6	0	0	0	0	124	14	10	3	0	3	0	3	9	73	32	24	6	1	24	104	92	10	6	5	9	0	34	12	1	0	0	20	3	7	0	15	27	40	0	44	0	0	48	20	5	8	6	10	0	33	19	32	6	13	11
Otu000042_Marmoricola	605	4	0	27	0	0	0	0	0	2	0	0	0	0	0	0	0	0	1	1	37	0	9	4	0	0	13	0	0	2	7	0	0	0	0	20	1	0	4	0	13	0	5	0	0	0	67	0	0	0	3	73	17	56	76	10	5	84	26	153	15	75	241	58	75	13	4	127	142	28	67	116	43	5	19	15	0	14	43	65	6	60	122	6	41	193	35	16	63	9	60	49	74	23	85	16	13	96	12	62	95
Otu000043_Flavobacterium	5	257	2	268	494	75	7	0	0	0	0	12	51	0	0	3	0	0	90	5	9	1	83	7	5	1	10	0	0	7	0	3	0	0	8	0	14	0	535	1	122	7	0	2	0	76	0	0	0	1	135	37	7	18	28	6	5	13	4	2	30	3	13	0	0	41	199	0	11	42	44	10	30	221	29	12	0	7	24	5	0	13	0	194	31	0	38	1	2	18	34	41	37	5	0	0	11	42	119	1	2
Otu000044_Chryseobacterium	15	71	0	18	10	368	0	45	0	39	93	0	11	8	8	36	0	0	10	5	1	3	0	116	0	4	3	17	31	34	33	28	0	1	0	0	0	110	24	9	24	4	9	0	0	0	62	0	0	1	245	0	78	0	24	1	119	0	28	0	13	158	6	0	54	63	79	1	28	74	8	1	16	21	5	215	0	4	0	0	65	0	22	59	0	0	47	0	1	18	0	19	1	17	0	1	112	16	33	0	0
Otu000045_Solirubrobacter	241	23	0	1	0	0	0	26	0	3	0	0	0	1	0	0	0	0	0	0	30	26	3	1	0	0	3	2	0	5	1	2	0	1	0	422	0	21	1	0	13	5	0	0	5	1	223	0	0	0	10	53	46	7	4	19	83	40	34	64	52	118	31	2	127	30	30	101	94	11	18	93	100	3	15	0	0	10	51	75	8	15	38	21	39	174	93	0	68	32	24	19	35	23	30	62	6	30	14	54	15
Otu000047_Oxalobacteraceae_unclassified	6	101	73	1967	79	153	7	65	0	151	315	51	184	0	154	1	476	0	83	27	60	2	265	3	90	897	1	0	3	518	47	34	6	1046	6	17	128	0	45	302	1	52	66	0	4	1182	7	12	0	0	2	0	8	16	1	1	12	0	18	6	10	2	7	12	1	11	0	1	7	5	0	3	6	3	11	26	0	3	5	0	11	2	34	2	1	5	122	0	1	0	1	8	96	0	0	0	1	1	21	0	4
Otu000048_Pantoea	5	0	0	0	0	0	0	0	0	4	0	0	0	0	0	2	0	0	0	0	0	0	0	28	0	0	0	0	0	30	0	0	0	0	0	0	0	0	0	0	6	0	0	0	0	17	0	0	0	0	1	0	0	0	0	0	0	5	166	7	46	7	0	45	0	54	9	0	2	0	0	0	0	0	0	1	0	0	0	3	7	2	13	0	0	0	0	0	7	0	0	2	1	8	0	28	4	4	58	0	0
Otu000051_Nakamurella	222	4	0	3	0	0	0	0	0	0	0	0	2	0	2	0	0	0	0	0	40	0	1	11	1	0	3	0	0	0	2	0	0	0	1	0	28	1	0	0	25	0	1	6	2	1	53	0	5	0	30	126	92	17	7	29	10	27	44	140	95	38	106	14	107	150	40	81	81	59	36	61	51	8	14	5	1	29	40	3	4	39	70	27	70	102	47	7	43	127	17	52	208	25	23	59	5	22	12	58	22
Otu000052_Polaromonas	47	429	3	204	1	358	15	0	0	35	7	42	15	1	0	21	0	0	11	31	35	12	75	26	0	7	159	0	0	4	23	42	22	6	5	0	98	1	134	11	28	1	20	3	3	14	0	170	0	63	64	131	54	144	3	3	29	90	6	99	39	5	16	9	1	117	33	16	5	35	68	13	27	45	26	4	0	32	45	43	20	66	2	27	15	4	4	0	5	103	41	20	37	8	0	20	5	110	14	5	101
Otu000053_Sphingomonas	4	1	0	15	0	0	1	1	0	3	0	9	0	0	0	0	0	0	1	0	0	3	0	9	0	0	7	0	2	0	0	0	0	0	0	0	0	0	0	9	0	2	0	0	11	1	0	0	59	0	55	6	2	0	56	4	0	0	2	0	7	3	15	431	23	3	11	4	16	4	7	26	2	0	1	0	0	0	0	2	608	7	123	9	0	0	0	22	1	5	3	1	2	75	0	0	34	0	144	1	0
Otu000054_Blastococcus	212	1	1	1	0	0	0	5	0	0	0	0	1	0	0	0	0	0	1	0	1	0	0	0	0	0	1	0	0	1	2	0	0	0	0	1	3	2	1	0	0	0	0	0	1	0	0	0	0	0	57	72	50	0	1	57	25	53	105	17	56	122	89	51	47	73	50	58	93	18	37	59	112	1	10	5	0	1	42	39	12	19	33	26	94	11	3	23	115	91	10	22	47	100	179	482	2	93	18	43	3
Otu000055_Comamonadaceae_unclassified	9	400	1	1848	8	208	1	3	0	16	0	1	17	2	0	14	0	1	16	17	2	49	10	7	62	17	154	3	2	8	20	2	0	2	6	17	11	1	48	2	25	18	9	1	0	94	112	2	0	1	33	13	41	16	34	3	59	10	13	51	16	15	31	19	15	31	56	22	29	23	17	17	27	25	17	28	0	113	8	0	55	20	10	27	8	15	9	12	12	22	31	46	18	18	13	4	10	9	28	14	44
Otu000056_env.OPS_17_ge	112	2140	46	58	1	0	0	0	0	13	16	0	21	0	0	141	0	0	0	10	66	1	20	4	6	24	0	0	0	123	3	7	0	0	6	0	0	0	8	0	2	5	12	0	0	18	129	0	0	0	7	14	4	0	2	1	45	11	0	15	0	0	0	1	1	16	31	2	0	11	5	54	3	13	4	1	0	19	5	0	0	5	0	0	0	13	128	0	2	14	0	22	6	2	0	0	6	3	3	0	13
Otu000057_Rhizobacter	1889	4	3	313	0	1	0	0	1	0	28	0	3	0	0	7	0	0	0	0	0	71	5	0	6	6	30	0	0	1	2	6	0	0	0	6	88	1	2	0	11	0	1	0	0	0	0	0	0	0	35	96	40	22	1	5	0	118	0	196	20	12	82	108	9	57	91	17	45	8	96	36	47	59	13	22	0	80	83	1	11	73	24	15	12	137	3	0	11	48	74	20	50	7	3	2	1	21	7	9	52
Otu000058_Xanthomonadaceae_unclassified	573	105	314	3	28	13	0	2	0	11	6	0	2	188	0	1	0	0	7	18	162	13	82	161	81	3	26	0	5	4	0	47	0	19	14	1	6	0	18	83	21	170	0	0	11	5	5	76	34	0	10	16	29	6	128	18	9	28	11	18	14	0	10	23	3	10	10	4	5	11	45	10	12	3	24	0	0	6	2	0	3	14	0	16	15	2	3	5	2	5	13	9	10	6	4	0	14	5	3	3	8
Otu000059_Pelomonas	119	8	0	34	5	0	1	3	0	0	0	119	2	0	4	4	218	5	0	28	1	112	2	7	12	5	34	0	3	1	0	0	3	0	0	520	188	7	0	4	1	10	0	0	3	1	196	15	135	22	89	71	72	21	13	11	25	18	5	31	36	6	14	12	10	48	168	7	22	4	32	45	4	20	3	1	604	20	5	4	0	30	2	32	52	16	86	75	22	66	18	21	10	17	66	67	4	6	34	3	0
Otu000060_Comamonadaceae_unclassified	35	274	0	225	157	181	35	142	46	32	1	0	4	2	0	37	28	0	84	20	7	52	6	11	59	18	19	4	4	5	2	13	15	2	10	2	7	1	83	2	30	11	19	0	5	621	139	0	0	13	28	2	31	20	85	38	0	2	2	7	38	23	7	5	6	21	43	1	3	19	3	12	11	61	24	66	144	21	15	0	1	17	14	15	7	5	24	30	18	7	2	11	4	3	9	7	38	7	34	7	7
Otu000061_Sphingomonas	104	0	0	0	0	0	0	3	0	1	0	0	0	4	0	0	0	0	0	0	1	0	1	0	0	0	4	0	0	0	0	0	0	0	0	25	40	0	0	5	0	0	1	0	0	0	0	0	0	1	11	109	36	19	10	10	7	156	27	148	29	34	118	130	6	16	14	264	27	9	148	70	72	24	12	7	0	42	75	61	16	122	107	1	29	50	2	28	14	5	71	16	62	9	0	3	27	5	0	26	167
Otu000062_Acidiphilium	1344	0	0	1	0	0	0	0	0	6	0	0	0	0	4	0	244	0	0	0	0	0	0	0	0	0	0	0	0	0	0	0	0	0	1	0	1	0	0	0	4	0	0	8	1	0	0	0	0	2	21	0	30	0	5	12	7	2	1	0	18	0	0	5	1	4	16	0	1	3	1	0	0	0	0	0	0	0	0	0	0	0	0	0	163	0	0	0	3	6	0	9	1	2	0	0	2	7	6	1	0
Otu000063_Sphingomonadaceae_unclassified	33	46	0	1	7	10	0	6	0	7	2	0	12	2	0	10	0	0	10	39	2	11	7	51	30	8	27	1	0	3	14	20	0	1	9	70	23	2	16	0	16	11	7	0	1	33	100	9	0	0	18	22	27	142	521	3	29	9	1	108	11	19	71	28	3	29	6	32	63	22	12	33	25	16	22	42	0	147	14	28	4	21	44	2	23	60	0	18	28	29	32	35	3	3	22	0	3	13	2	167	107
Otu000064_Microbacterium	155	60	0	4	1	8	19	297	0	8	0	32	0	0	0	48	0	15	2	5	9	0	38	18	4	0	29	0	0	56	20	0	0	0	5	1	41	3	58	0	15	12	7	0	4	4	59	0	0	0	86	31	85	6	15	91	77	22	301	11	31	57	36	37	138	253	64	5	266	38	33	10	125	27	34	11	0	31	9	0	29	17	15	24	25	2	29	8	83	239	14	55	52	140	108	43	15	50	31	48	14
Otu000065_Devosia	66	779	0	12	53	389	1	200	0	34	3	1	47	3	45	43	0	0	139	62	0	152	28	1	148	154	10	58	0	3	2	105	19	49	133	354	0	57	130	1	25	47	34	0	5	79	230	6	0	0	11	17	82	305	62	2	25	15	23	9	4	18	15	39	5	18	9	2	19	102	16	40	32	157	66	238	0	59	128	1	4	12	20	2	8	17	3	41	14	25	9	6	46	5	17	71	3	9	9	13	1
Otu000066_Aureimonas	0	75	0	51	2	26	0	32	0	18	5	0	0	2	4	51	0	0	5	5	23	0	1	0	36	5	1	7	0	1	0	2	38	11	5	0	44	3	9	0	0	33	287	0	11	7	4	349	3	0	0	54	81	116	62	9	0	1	0	1	0	12	65	31	9	3	2	0	5	0	1	20	4	5	25	104	0	7	20	79	175	3	21	1	0	0	65	16	11	1	7	1	42	2	0	0	0	0	0	12	1
Otu000067_Nocardioides	158	9	0	9	3	3	0	4	0	6	0	0	1	0	0	0	0	0	1	0	1	2	1	0	1	0	14	0	2	0	1	0	0	0	2	2	13	1	0	1	7	2	1	0	3	0	0	0	0	0	16	116	15	73	25	10	2	54	50	67	17	41	182	80	30	16	21	18	130	24	65	56	98	93	14	19	0	25	150	13	8	51	25	11	10	33	18	47	27	29	83	41	74	14	13	12	7	50	2	38	56
Otu000069_Solirubrobacter	175	3	0	0	0	0	0	0	0	2	0	0	5	0	0	0	0	0	3	1	43	5	0	4	0	0	0	0	0	2	0	0	0	0	0	0	1	10	0	0	0	0	0	0	4	0	18	2	9	0	10	46	42	18	1	16	53	27	29	20	60	92	38	5	121	14	17	17	69	8	21	63	121	0	8	0	0	5	20	54	2	18	8	19	30	23	0	25	95	12	7	26	32	18	60	24	22	21	5	43	0
Otu000070_Microbacteriaceae_unclassified	16	154	0	2	30	72	1	277	2	100	0	3	168	156	2	59	0	0	6	147	0	2	670	17	9	1	163	718	0	18	193	183	0	22	269	8	0	0	22	0	37	37	361	0	1	72	43	13	0	0	2	35	1	9	4	6	8	3	14	10	1	1	97	2	2	1	0	0	10	74	2	6	11	32	780	46	0	17	296	0	6	4	4	0	1	2	15	0	7	16	0	23	135	0	14	9	4	73	9	16	2
Otu000071_Nocardioides	164	4	0	0	4	0	0	10	0	0	0	0	0	0	0	1	0	0	1	0	3	0	3	7	6	0	13	7	0	0	10	0	3	0	6	6	0	3	15	0	7	0	1	0	1	0	0	3	0	0	25	132	65	46	8	47	26	101	56	37	47	52	228	87	62	58	36	22	172	35	89	2	86	0	39	24	0	0	55	15	12	61	17	10	6	14	0	4	21	65	96	70	101	82	61	45	8	62	18	57	18
Otu000072_Sphingomonas	1	0	25	10	1	13	14	30	2	39	0	0	20	1	0	6	0	0	0	3	133	0	23	36	3	0	75	276	1	4	43	17	0	34	67	0	68	0	0	0	8	0	55	159	0	3	0	8	0	0	1	23	110	22	51	12	0	15	0	25	0	12	53	136	10	7	3	11	59	34	21	13	27	16	73	276	0	46	5	27	153	56	96	3	11	4	4	18	37	17	41	49	38	4	17	0	3	8	8	67	3
Otu000073_Comamonadaceae_unclassified	27	2	1	98	0	2	0	0	0	1	0	0	2	0	2	0	0	0	0	0	3	157	0	0	0	2	6	0	0	1	0	0	0	0	0	0	2	1	1	1	0	3	0	0	1	4	0	0	0	0	74	66	27	10	12	17	1	68	3	21	5	12	12	10	10	25	60	4	27	3	39	15	29	30	7	0	0	11	30	7	2	50	7	54	0	26	0	0	5	42	22	9	14	15	1	5	0	6	27	2	5
Otu000074_Belnapia	263	27	1	0	0	0	0	2	0	0	0	16	1	0	0	2	0	0	2	0	0	0	5	19	0	0	5	0	0	0	0	0	0	3	0	0	14	1	0	0	0	0	0	0	0	1	145	0	0	0	30	49	19	23	0	53	11	44	25	26	44	11	36	11	22	51	46	33	59	6	21	0	45	9	6	5	0	5	77	17	0	22	6	5	13	19	182	5	20	26	29	13	42	42	48	64	28	11	17	23	5
Otu000075_Escherichia-Shigella	11	0	3	0	0	0	0	8	0	0	0	13828	0	0	4	0	9	3	0	6	0	16	0	0	0	0	0	0	0	0	0	1	0	10	0	0	0	0	0	0	1	0	0	0	0	0	186	0	2	0	0	0	0	0	0	0	0	0	0	0	4	0	0	0	9	0	0	3	0	0	0	0	0	0	0	0	417	1	0	0	0	2	3	0	1052	6	22	12	1	1	0	0	0	0	19	0	0	0	5	0	2
Otu000076_Sphingorhabdus	796	10	5	0	0	0	0	0	0	0	0	23	2	0	0	0	0	0	1	0	13	0	4	5	0	0	0	0	0	0	1	5	0	0	0	162	86	9	0	4	3	3	1	5	0	3	0	0	0	2	104	61	32	81	20	94	70	65	1	0	74	0	13	7	0	85	148	0	2	2	55	0	35	38	7	5	0	0	44	0	0	53	0	58	41	0	38	1	13	54	56	29	12	1	1	0	10	9	60	0	0
Otu000078_Patulibacter	1	0	0	0	3	0	0	25	0	0	0	55	1	2	0	0	0	0	1	1	0	0	0	5	0	0	1	16	0	0	2	0	0	10	0	0	0	0	3	0	0	0	0	0	1	0	175	0	0	0	8	2	23	15	148	1	52	0	13	0	90	4	12	1	0	3	18	7	5	5	0	25	4	0	2	3	0	15	2	0	9	0	9	2	0	0	58	0	1	2	3	4	2	8	32	2	1	19	3	25	0
Otu000079_CL500-29_marine_group	226	229	0	0	7	3	0	3	0	1	0	0	2	0	0	5	0	0	0	17	0	0	7	0	2	2	7	0	0	1	2	0	2	0	11	31	1	1	89	0	4	5	2	0	0	15	0	6	0	0	6	33	63	77	12	0	16	97	1	81	6	14	31	6	1	25	10	3	68	21	72	42	48	106	71	26	0	145	54	8	10	73	0	24	29	34	33	9	5	21	74	20	15	3	107	2	3	13	7	7	26
Otu000080_Microbacteriaceae_unclassified	10	229	6	6	34	40	0	0	0	10	0	0	24	1	0	5	18	0	8	5	2	3	90	3	0	1	3	4	0	0	7	0	0	4	25	0	28	4	5	0	36	2	0	5	4	19	88	16	0	0	0	31	49	5	7	1	5	16	4	13	18	9	14	14	8	22	0	6	13	46	15	0	17	25	24	7	0	31	25	9	0	16	1	1	16	2	1	5	5	25	3	24	28	6	10	1	1	45	12	30	24
Otu000081_Nocardioides	133	11	0	2	11	0	2	3	0	0	0	0	2	0	0	0	0	0	1	0	2	0	5	2	0	2	19	1	0	9	9	1	0	0	6	452	9	13	0	0	3	0	26	1	0	0	6	1	0	0	4	95	34	90	7	95	3	48	21	49	13	25	99	41	89	23	6	27	152	42	54	2	59	27	14	19	0	24	60	1	5	24	14	2	10	24	5	0	13	30	156	40	65	18	55	143	1	132	9	30	5
Otu000082_Nannocystis	287	47	0	6	0	0	0	0	0	0	0	0	0	0	0	16	0	0	1	30	0	0	0	0	0	1	2	0	0	45	18	0	0	0	0	0	0	0	9	0	2	8	0	0	0	0	13	0	0	0	0	9	12	61	17	2	0	60	5	27	50	2	2	1	6	16	0	0	1	3	55	350	6	20	14	0	0	123	1	0	0	61	6	0	10	25	0	0	2	14	37	3	2	33	0	0	37	48	0	0	3
Otu000083_Kineococcus	6	5	0	9	0	0	0	29	0	5	0	55	52	2	51	0	514	0	1	1	5	0	16	49	19	0	8	0	0	4	0	1	10	1	2	0	2	59	0	0	3	0	0	0	36	0	0	2	61	0	1	2	32	8	12	0	38	8	5	11	33	6	138	8	2	10	0	2	4	30	1	22	2	3	3	1	1	2	4	0	52	7	11	14	8	3	0	4	16	8	6	78	6	47	9	1	42	8	0	22	7
Otu000084_Klenkia	11	146	2	7	15	2	11	8	0	1	0	19	12	0	1	24	0	0	5	21	4	0	0	0	18	5	9	0	1	0	0	1	0	3	18	89	4	0	1	0	0	11	1	0	5	16	355	22	0	0	1	22	11	200	23	0	26	17	0	12	9	3	109	6	1	2	0	6	10	11	5	24	20	19	32	28	0	9	39	16	2	16	6	5	0	3	33	98	8	16	6	8	27	17	7	1	1	5	4	10	4
Otu000085_Rhizobiaceae_unclassified	119	109	0	18	106	31	0	0	1	4	2	0	1	8	0	2	0	0	47	5	7	470	25	11	37	7	6	1	0	59	4	4	4	237	6	1	0	1	17	0	13	1	17	1	70	3	34	0	0	2	18	5	24	29	3	9	10	0	4	13	64	2	15	12	19	2	13	17	5	14	3	24	3	2	2	2	0	41	75	0	4	1	0	8	25	28	41	0	1	12	2	4	7	19	11	6	2	4	2	4	11
Otu000086_Pseudonocardia	339	8	0	0	0	0	0	0	0	0	0	0	1	1	0	1	0	0	2	0	6	172	0	3	0	0	0	0	0	0	0	0	0	0	0	0	63	22	21	0	0	0	0	1	47	0	17	1	58	0	5	32	19	13	2	12	4	19	19	7	41	19	31	19	6	2	25	15	9	2	13	9	22	6	2	1	0	4	65	2	6	21	17	3	140	21	16	16	21	6	50	11	14	9	6	16	16	17	4	1	5
Otu000087_Staphylococcus	51	4	5	1	7	0	66	0	0	0	0	404	1	1	13	1	173	9	1	11	4	6	0	10	8	2	1	0	6	0	0	0	7	1	2	160	257	31	1	0	0	1	0	0	9	0	93	9	1156	2	0	0	1	155	0	0	68	1	0	0	68	0	0	0	0	2	4	1	0	1	0	5	0	0	1	0	362	0	0	4	12	0	11	6	84	4	28	6	5	0	0	1	0	0	36	0	7	0	0	1	0
Otu000088_Bacillus	362	0	0	8	0	0	0	22	0	0	0	65	0	0	6	0	5075	0	0	11	28	225	8	5	0	1	0	0	0	5	0	0	66	0	0	439	84	38	0	3	3	0	0	17	7	0	34	0	15	0	16	19	1	33	0	2	0	3	1	9	6	13	12	5	0	2	8	37	4	0	3	40	2	0	4	0	0	14	0	23	2	7	71	0	0	19	39	0	4	1	0	4	10	2	0	0	11	0	4	2	7
Otu000089_Rubellimicrobium	437	3	0	0	0	0	0	0	0	1	0	0	0	0	0	0	0	0	1	0	0	0	2	2	1	0	0	0	0	2	0	0	0	0	0	0	4	0	0	0	0	0	0	0	0	2	0	0	0	0	11	0	36	13	13	0	62	53	1	1	168	2	1	32	0	17	9	0	5	5	59	2	2	13	0	3	0	0	3	0	2	76	4	0	9	11	0	0	0	3	54	5	0	3	0	0	0	4	15	7	0
Otu000090_Methylophilaceae_unclassified	0	28	112	76	7	234	1	4	0	0	0	0	38	0	0	0	0	0	12	0	142	295	177	25	147	20	13	0	0	3	2	6	0	3	76	0	0	0	1	0	20	0	18	0	0	86	0	19	0	0	13	2	0	103	0	0	0	1	1	18	0	0	5	3	0	2	7	115	2	1	8	10	0	3	4	0	0	17	3	0	379	2	44	13	0	0	0	0	0	0	6	0	0	23	92	0	0	4	13	2	23
Otu000091_Nocardioides	93	0	0	0	0	0	0	4	0	2	0	0	0	0	0	0	0	0	0	2	0	0	2	0	0	0	0	0	0	0	0	0	0	0	0	0	4	1	0	0	0	2	0	0	2	0	0	0	0	0	13	15	13	5	0	0	32	71	26	58	51	11	27	7	6	11	6	113	7	4	44	78	14	4	0	0	0	4	24	31	13	30	82	0	58	63	21	12	0	8	31	7	7	19	0	4	0	14	0	4	39
Otu000093_Sphingomonas	114	0	0	0	0	0	0	1	0	0	0	0	1	0	0	0	0	0	0	0	0	0	0	7	0	1	3	0	0	0	0	0	0	0	0	33	0	1	0	0	0	0	0	0	0	0	6	0	3	0	20	88	31	30	1	33	30	108	35	59	26	74	27	19	27	26	20	83	47	13	76	72	67	24	6	0	0	2	104	63	17	91	25	12	20	55	0	1	48	18	26	22	23	39	0	47	30	10	9	41	9
Otu000094_Chryseobacterium	0	2	0	51	1	0	0	16	0	6	1	0	173	2	0	9	0	0	4	0	31	19	289	44	0	3	2	0	0	38	57	0	0	0	1	0	0	9	96	0	0	12	3	3	0	1	0	0	0	0	0	22	6	0	14	20	124	0	119	0	67	21	2	0	10	1	3	0	4	41	4	3	0	4	5	0	0	27	0	57	28	0	14	5	0	0	62	0	16	6	0	13	0	4	0	13	3	11	2	6	0
Otu000095_Oligoflexus	115	28	0	3	0	9	0	19	0	6	0	0	1	0	0	7	0	0	0	1	0	0	14	0	0	3	4	0	0	4	3	0	0	0	0	0	0	0	16	1	0	7	0	0	0	2	0	0	0	0	17	0	18	23	7	10	5	34	11	109	0	30	15	33	114	20	10	4	10	16	13	21	18	68	6	1	0	3	15	0	19	22	16	16	0	40	0	0	45	21	9	42	10	3	0	4	0	12	12	72	15
Otu000096_67-14_ge	460	8	0	0	0	0	0	3	0	1	0	0	0	0	0	0	0	0	0	0	73	0	0	15	0	0	0	1	0	2	0	0	0	0	0	0	0	20	0	0	0	0	0	0	18	2	0	0	0	0	9	15	93	16	0	58	23	24	17	3	0	33	13	3	44	9	21	5	16	2	23	1	40	4	5	0	0	0	12	6	11	9	9	20	52	9	0	0	40	12	4	34	2	23	14	13	52	14	3	23	0
Otu000097_Rubrobacter	40	0	0	0	0	0	0	0	0	1	0	26	0	0	0	0	0	0	0	0	183	0	0	72	0	0	0	0	0	0	0	0	0	0	0	246	0	0	0	0	0	0	0	0	14	0	0	0	229	0	10	25	23	3	6	11	0	21	84	4	3	272	12	6	157	12	3	4	141	8	25	10	126	1	3	0	0	1	5	53	0	13	2	8	0	0	0	0	141	12	8	23	1	9	43	27	9	54	2	116	0
Otu000098_Xanthomonadaceae_unclassified	63	1	17	0	0	1	6	2	0	2	0	19	1	1	0	16	26	0	1	0	2	0	0	2	0	0	15	0	0	2	0	1	0	1	0	41	2	0	0	1	4	0	0	0	0	0	0	1	2	2	14	20	32	11	9	51	0	55	3	22	0	4	16	55	6	36	12	2	4	14	71	13	7	8	12	1	0	10	9	4	5	18	2	26	0	2	0	0	1	14	24	6	7	6	84	0	87	5	10	0	0
Otu000099_SC-I-84_ge	113	3	2	0	0	0	0	0	0	1	0	0	0	0	0	0	0	0	0	0	0	0	0	2	0	0	0	0	0	0	0	1	0	0	0	7	0	0	0	0	0	0	0	0	0	0	0	0	0	0	9	69	69	3	0	33	6	48	5	72	3	48	10	3	99	23	11	36	15	14	23	38	124	10	16	0	0	13	49	2	0	16	12	3	0	12	8	0	121	27	2	18	49	2	0	0	17	5	11	36	12
Otu000100_uncultured_ge	33	0	0	0	1	0	0	0	0	0	0	0	0	0	0	0	0	1	0	0	0	0	0	1	0	2	1	0	0	1	1	0	0	0	0	0	1	6	0	0	3	0	1	0	0	2	227	0	0	0	5	108	8	75	11	8	27	33	16	0	41	10	124	86	7	19	7	7	39	11	30	12	26	12	4	3	0	4	46	29	11	34	7	3	43	13	0	0	15	37	52	15	60	11	10	3	5	24	1	4	0
Otu000101_Acidibacter	8	0	0	0	0	0	0	0	0	0	0	0	1	0	0	0	0	0	0	0	0	0	0	0	0	0	0	0	0	0	0	1	0	0	0	0	0	0	0	0	0	0	0	1	0	0	0	0	0	0	54	33	30	9	3	5	20	46	4	44	39	25	4	1	149	14	71	49	23	2	38	0	17	0	7	1	0	2	18	53	0	32	1	28	0	79	0	0	16	7	36	27	0	23	28	1	8	19	27	27	26
Otu000104_Mycobacterium	124	6	0	1	3	0	0	3	0	0	0	0	0	1	0	3	0	0	4	0	1	22	1	12	1	0	0	8	1	3	0	0	1	10	2	0	0	4	4	0	0	6	0	0	5	2	23	6	0	0	0	4	33	1	19	0	21	0	1	31	10	8	10	1	1	4	0	47	0	14	4	34	11	0	10	6	0	6	3	0	2	0	20	1	5	22	11	0	4	1	0	4	2	1	95	0	1	1	2	39	1
Otu000105_Pseudonocardia	216	0	0	4	0	0	0	0	0	0	0	0	0	0	0	0	0	0	1	0	0	5	0	0	0	0	2	1	0	0	0	0	0	0	0	0	0	0	1	0	0	0	0	0	0	0	5	0	0	1	8	78	6	1	7	1	9	49	52	10	15	16	35	7	30	18	91	15	13	7	33	5	20	5	4	0	0	1	35	77	1	30	13	4	3	20	6	0	28	4	12	26	8	21	0	31	8	33	2	29	3
Otu000106_Gaiella	0	0	0	0	0	0	0	0	0	0	0	0	0	0	0	0	0	0	0	0	7	0	0	1	0	0	1	0	0	0	0	0	0	0	0	0	0	0	0	0	0	0	0	0	0	0	0	0	0	0	4	19	6	18	0	3	0	5	20	20	17	124	14	2	48	1	4	44	18	7	10	5	51	0	3	0	0	0	2	55	1	7	34	0	0	10	0	0	53	1	2	15	9	8	27	10	0	7	5	29	5
Otu000107_Prevotella_7	119	8	0	2	30	0	0	0	0	0	0	17	1	1	3	0	49	23	0	0	1	11	0	12	5	0	0	0	0	3	0	0	1	0	0	546	5	4	0	0	0	1	0	0	2	0	319	0	292	3	0	0	0	9	2	0	7	0	0	0	27	0	0	0	0	0	0	0	0	0	0	0	0	0	0	0	674	0	0	0	0	0	0	0	26	6	6	33	0	0	0	0	0	0	80	0	0	0	0	0	0
Otu000108_Flavobacterium	9	514	0	15	0	0	8	0	0	0	2	5	2	0	0	12	0	0	0	0	1	9	0	6	0	0	3	0	0	0	0	9	0	0	0	0	2	0	0	55	0	0	0	0	0	2	0	2	0	0	63	7	5	0	2	2	0	16	0	0	0	40	1	2	5	4	43	0	0	0	21	0	4	5	8	0	0	0	8	0	3	2	0	157	0	0	9	0	1	7	1	2	4	4	0	0	1	63	35	0	0
Otu000109_Sphingomonas	46	0	1	1	0	0	0	1	0	0	0	0	0	0	0	0	0	0	0	0	0	1	1	0	0	0	44	0	0	0	0	0	0	0	0	0	0	0	0	1	0	0	0	0	0	0	0	0	0	0	3	221	4	43	19	7	1	147	2	24	6	2	281	186	1	12	3	10	125	9	151	25	71	35	29	23	0	18	70	1	22	172	8	1	1	28	0	0	1	7	137	8	133	2	18	0	5	7	3	18	6
Otu000110_Pseudomonas	0	0	0	0	0	8	0	257	6	0	2	0	0	0	0	0	0	0	0	4	0	1	0	0	0	71	27	4	1	0	1	6	0	0	6	0	0	0	0	4	62	0	2	83	0	44	0	0	11	0	1	0	1	0	0	0	0	7	1	1	0	18	0	0	140	1	0	21	0	0	1	0	0	0	0	0	13	30	0	0	50	5	85	0	0	0	0	0	61	2	14	0	0	12	0	0	0	0	4	1	0
Otu000111_Massilia	85	1	0	7	0	1	0	0	0	0	0	0	0	0	0	0	0	0	0	0	0	0	0	0	2	0	19	0	14	42	0	3	0	0	1	0	0	0	1	0	0	0	1	0	14	23	0	0	0	0	0	1	0	2	0	0	0	8	147	14	0	3	2	1	0	19	0	11	6	0	3	1	0	0	4	0	0	3	0	0	0	5	2	0	0	0	0	0	2	1	3	1	0	364	0	148	16	2	18	0	0
Otu000112_Streptococcus	37	0	0	0	16	0	8	0	0	0	0	237	0	1	3	3	140	6	1	0	4	18	0	6	0	0	0	0	0	0	0	0	3	0	0	394	102	1	0	0	0	2	0	0	2	0	178	0	448	6	0	0	0	58	4	0	64	0	0	0	8	0	3	0	0	0	1	0	0	0	0	12	0	0	0	0	663	0	0	0	3	0	0	0	9	0	26	32	0	2	1	0	0	0	9	0	4	0	4	0	0
Otu000113_Amaricoccus	132	1	0	4	1	0	0	0	0	6	0	4	0	0	0	0	0	0	0	0	0	0	2	0	0	0	21	0	0	0	3	0	0	0	0	0	136	0	0	0	2	0	0	0	1	0	0	0	0	0	7	32	30	11	5	23	15	20	9	7	5	15	20	3	53	33	20	10	60	11	12	12	45	2	9	1	0	8	8	1	7	11	2	2	4	22	59	0	14	29	4	24	33	23	20	25	3	19	3	30	1
Otu000114_Conexibacter	71	5	0	2	0	0	0	16	0	0	0	0	0	1	0	0	0	0	0	0	15	6	1	1	0	0	0	0	0	0	0	0	3	0	1	0	48	0	0	0	0	0	0	2	1	0	71	2	0	0	6	8	23	16	21	1	20	1	1	1	31	6	15	4	13	9	11	13	5	1	2	86	6	6	5	0	0	5	38	3	2	1	8	3	6	14	28	0	2	9	2	2	9	6	8	2	0	10	9	2	1
Otu000115_67-14_ge	48	0	0	0	0	0	0	12	0	1	0	0	1	0	1	0	0	0	0	0	19	133	0	14	0	0	0	0	0	0	0	0	0	0	0	0	3	0	0	0	5	0	0	0	2	0	0	2	0	0	9	22	46	9	0	16	11	16	11	12	3	65	8	4	41	11	7	28	32	5	19	48	45	1	1	0	0	0	13	34	4	7	27	7	0	19	0	0	40	9	2	12	10	12	25	2	11	9	2	35	12
Otu000116_Tychonema_CCAP_1459-11B	22	54	0	0	0	0	0	0	0	1	0	0	4	0	0	2	0	0	0	6	0	0	12	0	0	0	0	0	0	0	0	0	0	0	0	0	0	0	24	0	0	7	2	0	0	2	0	0	0	0	0	142	1	0	3	0	75	10	1486	2	13	8	6	0	0	0	3	0	0	0	21	0	0	8	3	0	0	27	96	28	0	4	0	5	1	0	0	0	0	0	1	17	25	1	13	2	10	42	2	0	0
Otu000117_Nocardioides	41	1	0	25	0	0	0	1	0	0	0	0	0	0	0	0	0	0	0	0	3	0	1	2	0	0	3	1	0	0	0	1	0	0	0	0	0	0	0	0	0	0	0	1	0	0	0	1	0	0	8	43	6	25	7	1	0	67	11	28	8	25	49	25	30	14	3	33	68	7	49	25	23	4	8	2	0	5	18	5	6	26	24	1	0	17	0	0	10	9	31	6	16	8	4	2	0	12	1	25	7
Otu000118_Sphingomonadaceae_unclassified	209	0	3	6	0	0	0	0	0	0	0	0	0	0	0	0	0	0	0	0	3	0	0	9	0	3	8	2	0	2	0	1	1	0	2	0	0	0	0	1	18	0	25	0	0	0	0	0	0	0	36	27	10	30	21	13	0	121	10	0	20	12	13	17	12	29	40	2	50	7	68	0	41	11	7	2	0	6	14	22	10	43	15	7	5	0	43	3	3	49	18	10	12	30	0	7	5	1	37	17	0
Otu000119_Cutibacterium	24	4	0	0	10	0	54	7	2	0	0	92	0	1	1	1	233	11	0	2	2	2	0	0	0	0	0	3	7	0	2	1	1	0	0	15	51	18	1	0	0	0	0	2	4	1	23	0	166	6	0	0	0	61	2	1	6	0	0	0	3	0	0	0	3	3	0	0	0	0	0	0	0	0	0	0	660	2	0	12	17	4	3	2	20	0	8	1993	8	1	0	0	0	1	1	0	1	0	1	1	6
Otu000120_Sphingomonadaceae_unclassified	21	2	0	1	2	12	18	7	0	0	1	63	49	3	0	0	85	0	0	0	15	4	0	21	2	5	33	6	2	3	0	0	0	0	1	4	473	0	5	1	0	1	0	0	0	16	17	0	21	0	1	2	0	24	86	6	0	3	0	0	41	5	32	9	3	0	1	0	2	0	5	3	2	2	4	6	0	0	6	19	57	4	7	5	0	0	1	11	5	6	4	0	3	2	2	0	0	0	3	34	0
Otu000121_Xanthobacteraceae_unclassified	0	35	5	0	5	12	745	63	0	3	0	0	0	4	0	29	0	0	0	2	1	0	8	0	4	10	26	183	0	6	0	3	0	2	7	0	0	0	103	0	8	5	1	0	0	12	0	17	107	0	5	8	10	0	9	3	0	5	0	12	6	5	2	1	2	4	0	17	1	2	1	5	8	6	12	1	0	55	0	5	0	0	11	0	1	15	3	0	8	3	1	6	6	7	0	12	0	1	18	12	17
Otu000122_Microlunatus	312	1	2	0	0	0	0	0	0	6	0	2	0	0	0	0	0	0	0	1	3	0	2	0	1	0	13	0	1	0	0	0	0	0	0	0	31	0	0	0	21	0	2	0	4	0	1	2	110	0	2	10	36	13	1	27	14	41	11	14	59	35	7	19	85	27	8	7	49	7	38	16	24	0	9	1	0	2	0	13	1	24	2	12	60	17	13	0	31	35	41	24	9	24	35	14	16	8	4	70	0
Otu000123_Methyloligellaceae_unclassified	5	0	0	0	0	0	0	0	0	0	0	0	0	0	0	0	0	0	0	0	4	60	0	0	0	0	0	0	0	0	0	0	0	0	0	0	0	3	0	1	0	0	0	0	0	0	0	0	0	0	4	11	3	0	0	6	0	6	6	79	2	27	8	2	1	2	5	148	5	3	7	67	11	0	0	0	0	13	2	12	0	8	146	3	0	45	0	3	4	1	1	3	14	0	0	6	1	1	2	11	39
Otu000124_Nakamurella	14	38	0	45	5	0	0	0	0	0	0	0	0	0	0	3	0	0	1	0	0	0	0	0	0	0	7	0	0	0	0	0	0	0	0	0	36	0	4	0	1	9	1	0	0	8	0	0	57	0	0	2	0	14	2	0	0	6	3	26	4	15	13	67	0	20	0	0	16	11	13	18	5	10	9	15	0	4	7	8	5	11	8	0	0	4	87	0	6	14	6	30	8	4	118	2	8	32	0	4	1
Otu000125_Methylophilus	57	119	11	67	123	9	0	259	0	4	52	307	10	6	1	25	0	0	0	5	16	429	2	50	0	14	13	0	0	8	0	5	0	0	0	0	0	0	15	67	0	2	1	0	6	41	3	4	1	0	174	0	1	0	0	1	0	1	6	12	22	7	0	0	7	0	69	1	0	2	0	2	0	0	0	1	0	0	0	1	254	1	68	7	0	0	0	0	0	1	0	0	0	25	0	2	0	0	97	0	4
Otu000126_Rubrivirga	284	8	0	4	0	1	0	0	0	0	0	0	0	1	0	0	0	0	0	0	0	0	0	0	0	0	6	0	0	3	0	0	0	0	0	0	0	1	0	0	2	0	0	0	0	1	0	0	0	0	9	1	7	116	24	0	0	22	0	0	31	30	7	25	13	11	3	0	31	4	51	10	20	13	4	8	0	10	1	0	0	35	0	0	10	6	0	0	7	17	68	4	0	1	0	0	4	15	2	7	0
Otu000127_Armatimonadales_ge	21	1	0	5	0	0	0	0	0	0	0	0	1	0	0	2	0	0	0	0	0	1	0	0	0	0	0	0	0	1	0	0	0	0	0	0	0	0	0	0	0	0	0	0	0	0	0	0	0	0	0	5	1	19	3	1	19	3	3	20	296	4	2	8	0	12	1	0	9	0	8	19	0	2	0	5	0	28	0	34	0	14	4	0	0	15	0	0	13	8	8	2	1	1	0	0	1	4	13	24	2
Otu000128_Acidiphilium	316	0	0	0	0	0	0	5	0	0	0	0	1	0	0	0	0	0	0	0	0	0	0	0	0	1	0	0	0	0	0	0	0	0	0	0	0	0	0	0	0	0	0	0	0	0	0	0	0	0	21	0	7	0	3	3	22	16	6	0	56	5	4	7	12	6	7	0	2	4	12	0	2	4	0	0	0	0	2	0	2	9	0	0	66	0	0	0	10	2	1	6	0	4	0	2	0	7	1	5	0
Otu000129_Pajaroellobacter	65	117	5	0	12	1	0	2	0	1	0	8	1	5	0	35	0	0	0	7	0	0	7	0	33	0	7	0	0	5	0	0	0	0	0	0	0	0	58	0	0	8	2	0	0	26	21	3	0	8	14	0	7	0	7	3	22	4	0	4	40	3	7	4	9	15	0	0	1	9	4	0	5	11	4	1	0	30	2	0	0	15	0	3	5	0	9	0	17	17	15	5	6	0	0	5	44	1	28	0	4
Otu000130_Methylotenera	225	2	16	13	0	22	18	0	0	0	36	0	0	0	0	0	0	0	0	0	30	4	14	9	0	0	62	0	0	2	0	3	0	0	0	7	26	0	0	16	7	0	5	0	0	0	0	0	0	0	32	9	0	0	0	1	0	8	34	24	0	8	0	8	21	12	29	85	3	5	27	0	2	2	0	1	0	10	3	0	68	1	24	34	0	0	0	0	2	1	4	2	3	23	0	2	0	6	2	1	19
Otu000131_Abditibacterium	174	135	0	27	0	0	0	6	0	0	0	49	0	0	0	8	4	0	3	0	1	0	1	1	0	0	0	0	0	3	0	0	0	1	0	5	0	0	1	0	0	6	0	0	0	3	16	0	0	0	23	0	2	8	1	3	0	1	7	4	126	13	1	3	14	22	6	3	1	1	2	38	0	5	1	14	0	2	1	0	0	2	7	5	13	17	0	0	32	13	1	1	0	3	11	10	12	2	5	2	0
Otu000132_Sphingorhabdus	31	6	3	0	0	2	0	0	0	0	0	0	1	0	0	0	0	0	1	0	0	0	5	0	0	0	0	0	0	0	0	0	0	0	1	2	1	6	0	0	15	0	3	1	0	0	0	0	0	0	8	183	8	28	34	3	19	55	0	0	0	1	18	24	8	56	16	0	0	5	96	0	57	5	1	3	0	0	5	0	0	106	0	32	3	0	0	1	0	42	111	32	28	0	0	0	2	9	5	1	0
Otu000133_Comamonadaceae_unclassified	18	49	2	22	4	3	0	3	5	1	0	0	10	1	0	16	0	0	8	6	0	7	4	0	18	2	6	2	1	1	2	1	0	1	2	31	13	3	23	3	12	3	6	3	2	86	15	0	0	0	17	21	33	48	31	5	22	18	3	17	8	7	28	4	5	28	4	3	4	24	19	3	28	10	10	23	0	29	15	0	1	23	1	2	15	2	26	0	12	24	22	33	12	1	18	3	8	8	2	4	5
Otu000134_Comamonadaceae_unclassified	48	5	2	21	0	0	0	0	0	1	2	0	0	0	0	0	0	0	0	0	0	0	0	0	0	0	1	0	0	46	0	2	0	0	0	12	2	1	0	2	1	5	0	0	0	6	0	0	0	0	38	15	27	6	1	8	7	17	1	42	12	1	14	5	2	15	39	4	4	8	10	25	21	14	2	0	0	10	24	0	1	9	2	21	0	9	0	0	2	15	10	9	10	10	4	3	2	1	24	1	5
Otu000135_Bradyrhizobium	34	1	0	0	0	0	0	0	0	0	0	0	0	0	0	0	0	0	0	0	7	204	0	0	0	0	1	0	0	0	0	3	0	0	0	0	1	2	0	0	2	0	0	1	0	0	0	0	0	0	19	33	8	0	0	26	0	7	6	68	9	24	9	4	64	9	32	96	13	11	7	19	33	1	0	0	0	10	35	37	2	10	36	8	9	63	0	0	59	13	5	10	12	3	3	14	11	8	4	26	31
Otu000136_67-14_ge	0	0	0	0	0	0	0	1	0	0	0	0	0	0	0	0	0	0	0	0	13	232	0	17	0	0	0	0	0	0	0	0	0	1	0	0	0	0	0	0	7	0	0	0	0	0	0	0	0	0	2	9	9	3	3	3	13	11	24	22	18	151	7	5	71	1	5	56	24	4	7	12	21	0	1	0	0	3	0	56	4	5	49	4	0	39	0	3	28	1	2	7	2	5	0	91	2	28	0	22	23
Otu000137_Rubellimicrobium	526	1	0	4	0	0	0	0	0	3	0	0	0	0	0	0	0	0	0	0	0	0	6	0	0	0	2	1	0	0	0	0	0	0	0	0	0	5	0	0	0	0	0	57	0	3	0	0	0	0	3	0	54	18	2	13	17	4	1	1	1	1	1	4	7	2	0	0	0	0	3	0	3	38	2	11	0	0	4	0	0	9	0	0	37	2	11	0	0	8	12	5	3	0	0	0	5	0	0	4	0
Otu000139_Sphingomonas	0	0	0	2	0	0	0	1	0	0	0	0	0	0	0	0	0	0	0	0	0	0	0	0	0	0	25	0	0	0	0	0	0	0	2	0	0	0	0	0	0	0	0	0	0	0	0	0	0	0	6	188	1	16	6	2	0	69	5	27	0	6	178	73	8	5	6	68	17	6	94	10	11	18	15	10	0	3	6	27	31	82	27	1	0	8	0	0	0	4	59	1	99	7	2	0	2	13	17	0	52
Otu000140_Actinomycetospora	254	0	0	0	0	0	0	0	0	0	0	0	1	0	0	0	0	0	0	0	56	0	0	15	0	0	0	0	0	0	0	1	0	0	0	8	3	5	0	0	0	0	0	0	22	0	10	0	68	0	2	35	27	4	0	16	35	7	31	3	28	35	25	5	26	12	5	3	83	8	10	2	65	1	2	0	0	1	24	27	2	16	1	0	5	6	5	0	18	16	3	9	11	15	11	40	17	26	1	19	1
Otu000141_Streptococcus	12	1	0	2	18	0	0	0	0	0	0	88	0	2	41	0	6	0	0	0	1	0	0	6	2	0	0	0	3	0	0	0	2	0	0	47	88	16	0	0	0	2	0	0	3	0	0	0	644	4	0	0	0	0	0	1	12	0	0	0	15	0	0	0	0	0	1	0	0	0	0	8	0	0	0	0	821	0	0	15	0	0	0	0	29	2	65	0	1	0	0	0	0	0	12	0	0	0	0	0	0
Otu000142_Kineosporia	87	39	1	69	6	1	0	10	0	1	0	3	7	0	0	13	0	0	0	6	146	26	0	3	12	15	1	0	0	5	0	0	0	0	0	0	2	1	2	0	0	3	0	0	2	26	0	38	0	0	0	5	13	22	0	0	0	14	5	6	2	11	2	0	36	3	2	0	5	0	2	0	0	12	3	1	0	0	5	3	0	6	0	0	0	19	0	0	3	2	7	3	1	7	0	1	3	2	0	9	4
Otu000143_Rhodanobacteraceae_unclassified	136	6	0	1	0	0	0	0	0	1	0	0	1	0	0	3	0	0	0	0	0	0	0	0	0	1	0	0	0	0	0	2	0	0	0	0	10	0	1	0	2	0	0	0	0	5	0	0	0	0	7	11	40	11	1	25	1	43	11	11	43	14	15	0	4	13	13	2	10	2	27	12	26	6	8	0	0	0	17	0	0	15	0	1	29	0	14	0	2	8	64	15	4	6	35	3	5	4	7	2	0
Otu000144_Pseudomonas	0	4	0	6	1	10	22	12	1	1211	2	6	0	0	69	6	3	0	76	23	48	1	20	2	68	0	37	17	0	112	56	49	0	0	11	1	1	3	14	0	264	0	7	0	0	3	2	0	0	0	0	0	4	0	1	2	19	2	48	3	0	1	4	10	1	3	4	0	5	61	4	2	10	0	12	99	0	4	17	0	14	0	9	0	0	0	5	0	0	1	2	9	16	15	2	0	2	11	4	0	1
Otu000146_vadinHA49_ge	36	0	0	3	0	0	0	1	0	0	0	0	1	0	0	2	0	0	0	0	0	0	2	0	0	0	0	0	0	0	0	0	0	0	0	0	0	0	0	0	2	0	0	0	0	1	73	0	0	0	48	0	3	0	3	9	87	13	0	0	0	17	0	0	53	9	31	0	0	8	4	4	11	0	0	0	0	0	1	0	0	2	0	31	16	0	0	0	74	13	6	14	0	7	0	20	0	0	17	0	0
Otu000147_Nocardioides	1	0	0	4	0	0	0	2	0	0	0	0	0	0	0	0	6	0	0	1	3	0	0	3	0	0	1	0	0	0	1	1	0	0	0	0	1	0	1	0	1	0	3	0	0	0	0	0	0	0	2	62	7	38	29	5	0	60	1	0	5	1	91	150	0	5	5	0	15	4	30	0	29	14	1	26	0	1	13	0	46	31	15	0	1	0	7	0	1	6	30	5	55	8	78	0	0	13	2	20	0
Otu000148_Planococcaceae_unclassified	337	2	0	5	0	1	16	0	0	0	0	0	0	0	1	1	0	0	0	1	36	56	0	5	0	0	1	0	5	0	1	0	7	0	0	0	5	0	5	1	11	0	2	30	14	0	0	2	0	0	4	0	3	3	5	0	8	1	12	7	0	2	4	3	0	3	1	19	56	2	0	16	2	0	0	0	0	21	1	0	0	0	17	11	0	35	0	0	0	2	0	6	1	9	0	8	0	2	0	1	14
Otu000149_67-14_ge	67	1	0	0	2	1	0	8	0	0	0	0	0	0	0	0	0	0	0	0	40	67	0	16	0	0	0	0	0	0	0	0	0	0	0	14	0	0	0	0	0	0	0	0	5	0	0	0	0	0	5	0	29	2	1	9	0	1	14	13	0	67	1	0	22	5	9	21	15	5	2	65	58	0	0	0	0	7	5	121	0	0	17	3	7	24	0	0	23	1	0	9	2	5	58	3	48	6	8	18	7
Otu000150_Comamonadaceae_unclassified	582	3	0	26	1	1	0	62	0	5	25	82	0	0	0	0	32	9	0	19	16	4	1	28	10	0	51	0	0	37	0	0	0	0	0	0	37	7	7	83	8	1	1	0	36	0	22	5	53	19	52	0	1	20	2	0	5	3	2	0	2	18	7	0	22	13	42	0	6	3	3	5	4	1	0	0	3	3	2	0	20	1	2	25	0	9	0	1	6	10	0	4	0	9	50	2	6	2	12	1	0
Otu000151_Sphingomonas	277	1	0	0	13	0	0	6	1	0	0	0	0	1	2	0	0	0	0	1	4	27	0	16	6	15	1	1	13	1	0	0	24	0	0	42	0	0	3	0	1	5	0	0	28	0	15	2	0	0	15	0	1	20	21	6	21	1	0	0	23	5	5	1	8	3	0	19	0	2	0	10	0	39	0	201	0	19	1	0	21	2	29	4	1	2	13	2	5	2	3	0	1	2	0	2	4	0	35	11	7
Otu000152_Pseudomonas	0	15	0	12	0	100	0	0	0	262	1084	0	0	0	0	1	0	0	12	0	0	0	11	17	737	138	26	0	0	21	0	100	0	0	1	0	0	0	0	175	7	1	9	0	0	46	0	0	0	0	0	7	5	0	6	0	0	4	1	0	0	0	0	4	0	0	0	0	10	0	14	12	1	14	0	5	0	0	93	0	0	0	0	0	0	0	0	0	0	2	3	0	1	0	29	0	0	0	0	0	0
Otu000154_Devosia	5	116	5	4	39	112	0	11	0	5	3	0	8	3	0	13	0	0	3	1	5	3	14	8	8	3	8	150	0	4	2	3	0	1	18	4	27	1	32	0	0	7	82	0	0	39	1	9	0	0	3	1	13	15	4	8	0	8	13	4	3	1	4	25	1	13	3	0	18	10	8	11	26	11	7	22	0	24	12	0	1	12	7	0	0	0	12	5	8	29	11	14	16	24	15	7	0	5	11	10	3
Otu000155_uncultured	305	2	0	0	0	0	0	2	0	0	0	34	0	0	0	0	0	0	0	0	0	1	0	2	0	0	0	0	0	0	0	0	0	0	0	0	52	1	0	0	6	0	0	0	0	0	0	0	0	0	15	31	46	3	0	20	8	28	9	18	30	30	22	5	63	26	27	9	37	6	44	18	51	3	7	0	0	1	9	19	1	36	4	11	12	1	1	1	31	15	9	17	14	19	76	13	12	3	10	45	4
Otu000156_Nocardiaceae_unclassified	0	16	0	0	4	1	8	20	0	6	0	0	13	1	0	13	0	0	2	39	9	5	5	31	7	0	15	20	0	0	4	0	0	1	23	0	1	8	1	0	0	85	5	0	80	0	24	23	0	0	3	1	22	7	31	0	15	1	0	3	12	7	24	5	6	2	5	10	2	20	4	23	21	0	10	15	0	0	5	4	13	5	19	1	2	5	5	0	3	8	1	38	16	6	0	31	6	21	6	23	4
Otu000157_Skermanella	0	0	0	4	0	0	0	0	0	0	0	0	0	0	0	0	0	0	0	0	0	0	1	0	0	0	2	0	0	0	0	0	0	0	0	0	30	0	0	0	0	0	0	0	0	0	0	0	0	0	34	9	3	16	9	0	0	37	1	2	50	23	11	16	22	33	21	1	28	2	19	5	11	3	3	3	0	0	8	14	43	14	3	6	0	17	0	0	15	36	25	3	12	49	14	13	7	2	16	12	3
Otu000158_Brevundimonas	82	7	0	46	0	2	0	12	0	0	0	1	0	0	1	0	0	1	0	2	0	5	15	1	0	3	66	0	0	8	0	1	0	0	2	16	17	0	1	0	9	0	20	0	0	9	0	0	0	17	27	33	4	9	13	3	6	6	10	1	6	11	15	50	12	35	31	12	48	3	13	5	17	26	4	21	0	3	7	12	31	6	11	10	37	10	0	0	6	35	10	5	12	21	47	49	12	11	9	6	1
Otu000159_Oxalobacteraceae_unclassified	2	28	0	229	0	296	6	0	0	0	48	0	60	0	0	30	0	0	15	10	0	0	15	0	1	0	0	0	0	8	2	5	0	14	0	0	1	0	93	191	1	201	2	0	0	19	0	0	0	0	8	9	19	5	2	1	1	3	38	48	0	7	18	6	6	11	4	12	4	5	3	7	2	6	6	7	0	7	5	0	8	1	14	8	1	4	4	0	10	11	2	17	0	1	0	4	4	1	15	1	38
Otu000160_Myxococcaceae_unclassified	0	0	0	0	0	0	0	0	0	0	0	0	0	0	0	0	0	0	0	0	0	0	0	0	0	0	0	0	0	0	0	0	0	0	0	0	0	0	1	0	0	0	0	0	0	0	0	0	0	0	0	4	3	0	0	0	14	4	6	21	2	50	3	0	2	204	0	5	12	0	3	3	8	0	1	0	0	0	12	41	0	2	0	2	13	7	0	0	5	3	1	0	1	11	67	83	1	16	0	0	0
Otu000161_Nocardioides	13	18	0	2	0	4	0	4	0	1	0	0	1	0	0	0	0	0	1	1	3	0	0	1	9	0	5	7	0	1	1	1	0	2	1	1	0	0	8	0	0	0	2	0	0	1	1	4	0	0	19	12	2	17	31	2	0	14	7	3	21	6	48	38	4	3	14	10	16	6	13	20	19	9	8	3	0	6	11	0	5	8	2	13	26	1	1	0	16	5	18	8	9	10	50	2	0	21	8	10	18
Otu000162_Ilumatobacter	139	1	0	0	0	0	2	1	0	1	0	0	0	0	0	0	0	0	0	0	5	0	0	1	0	0	2	0	0	0	0	1	0	0	1	0	24	0	0	0	13	0	0	2	1	1	0	0	0	0	31	48	30	28	0	26	0	28	2	33	5	52	26	1	44	87	41	7	58	11	23	0	72	8	8	2	0	1	35	3	0	10	0	15	1	1	0	6	23	89	14	24	39	11	38	0	1	4	9	27	8
Otu000163_Massilia	53	0	0	5	0	0	0	91	1	12	0	0	57	0	208	0	130	0	0	1	0	0	2	0	0	0	68	0	0	2	47	0	0	0	1	0	0	0	6	0	0	0	0	0	83	0	0	0	2	0	0	0	5	1	2	1	2	0	17	20	0	16	1	5	0	10	0	100	107	0	1	0	0	0	3	59	0	0	0	0	20	0	77	0	8	0	4	0	4	9	2	5	1	29	1	5	4	4	6	4	1
Otu000164_Polymorphobacter	197	164	4	0	0	10	0	0	0	2	0	0	4	2	0	1	0	0	0	0	2	0	36	106	0	0	0	0	0	0	0	1	0	0	0	0	0	0	7	0	0	0	0	0	0	4	0	0	0	0	0	3	20	15	1	10	19	13	0	1	3	0	1	0	0	66	4	0	0	4	14	0	1	11	8	35	0	0	18	0	0	14	0	1	34	0	0	0	0	24	26	19	1	3	0	0	41	10	0	0	0
Otu000165_Cellvibrio	107	37	0	904	0	30	9	2	0	0	14	21	0	0	0	0	0	0	0	0	0	0	36	0	0	0	41	0	0	0	0	4	0	0	0	0	38	0	4	142	11	1	0	0	2	13	2	4	0	0	68	15	11	0	1	1	25	28	0	0	0	1	0	14	16	20	115	0	1	35	15	0	6	0	0	0	0	12	32	0	0	0	0	39	0	0	24	0	14	30	1	3	0	9	0	0	0	0	25	2	17
Otu000166_uncultured	8	5	0	3	0	0	0	22	0	1	0	0	0	0	0	0	0	0	0	3	1	196	2	3	0	0	0	0	0	22	2	0	0	0	7	0	0	1	2	0	0	0	16	0	0	0	154	0	0	0	0	8	6	45	39	0	0	26	1	6	0	9	4	10	7	17	0	4	0	1	55	23	5	23	4	0	0	4	1	0	3	17	0	0	0	5	0	0	14	6	3	4	5	1	0	0	4	7	4	0	6
Otu000167_Undibacterium	7	2	0	1	1	0	0	0	0	0	0	48	0	0	7	1	0	0	0	2	0	0	0	4	5	0	1	0	0	0	0	0	0	0	0	85	9	0	0	0	0	0	0	0	0	0	6	0	38	1	0	3	1	13	57	0	0	3	0	1	62	0	1	0	0	1	0	0	7	6	2	37	8	28	0	35	127	0	2	0	0	2	1	5	57	0	345	79	1	10	11	11	1	0	3	1	0	0	0	2	0
Otu000168_Micrococcaceae_unclassified	0	0	0	1	0	0	0	3	0	0	0	0	0	0	0	0	0	0	5	0	1	4	0	0	0	0	38	14	0	4	2	0	0	0	0	0	1	6	0	0	0	0	25	0	0	0	0	0	0	15	0	33	1	2	1	0	0	0	6	21	0	17	119	5	1	2	3	15	49	14	6	56	5	1	3	16	7	5	10	4	2	3	27	0	4	13	0	0	2	2	0	7	57	0	13	4	0	15	0	4	9
Otu000169_Nocardioides	24	3	0	1	0	0	0	2	1	4	0	0	0	0	0	0	0	0	0	0	2	0	0	1	0	0	3	0	0	0	0	0	0	0	0	0	8	0	0	0	0	0	0	0	0	0	0	0	0	0	0	58	52	15	1	8	9	38	32	55	4	54	35	5	81	2	3	35	71	13	36	31	100	9	9	1	0	2	37	3	4	30	5	0	1	8	0	0	44	3	10	30	24	1	20	4	7	38	1	41	9
Otu000171_Peredibacter	29	90	3	16	0	13	0	3	0	0	4	0	23	0	0	1	0	0	0	1	0	0	56	3	0	3	0	0	0	141	0	0	0	0	0	0	4	0	0	49	6	2	1	5	0	3	0	0	0	0	8	15	10	0	8	5	0	37	5	22	14	6	7	55	36	7	16	8	14	13	62	16	10	3	1	0	0	2	11	6	6	13	9	9	0	8	6	35	10	29	8	13	22	7	0	3	0	7	14	10	3
Otu000172_Massilia	7	0	0	0	1	2	0	57	0	22	1	0	21	0	135	1	304	0	0	0	7	0	2	0	3	0	74	0	0	2	4	0	0	0	7	0	0	0	3	0	0	0	0	0	125	0	0	0	8	0	0	0	9	2	7	3	2	1	7	0	0	3	3	0	0	6	0	2	67	0	1	1	0	0	9	93	0	0	0	1	50	0	6	1	2	0	14	0	6	5	0	0	0	44	0	0	30	0	0	5	0
Otu000173_Iamia	23	2	0	0	0	0	0	0	0	0	0	0	0	0	0	0	0	0	0	0	0	0	0	3	0	1	0	0	0	0	0	0	0	0	0	0	0	3	0	0	0	0	0	0	0	0	0	0	0	0	5	22	20	8	0	19	49	21	13	8	21	25	10	3	21	7	10	3	13	7	17	1	26	8	3	0	0	1	15	5	0	13	0	0	0	2	46	0	29	4	8	16	7	12	0	3	2	11	6	16	2
Otu000174_Acetobacteraceae_unclassified	181	0	0	0	0	0	0	0	0	0	0	0	0	0	0	0	0	0	0	0	0	0	0	0	0	0	0	0	0	0	0	0	0	0	0	0	1	0	0	0	0	0	0	0	0	0	0	0	0	0	129	0	9	0	8	1	0	1	0	1	11	0	0	1	0	10	19	0	0	2	0	0	1	0	0	0	0	0	0	0	0	0	0	14	0	0	0	0	0	36	0	0	0	0	0	0	0	4	307	0	0
Otu000175_Actinobacteria_unclassified	0	0	0	11	68	2	0	0	0	0	0	0	0	0	1	1	0	0	0	1	1	0	4	0	57	3	3	0	0	0	0	0	4	0	0	6	0	3	0	0	3	4	0	0	0	2	0	0	0	0	0	198	1	13	14	0	0	0	0	0	13	0	474	0	9	2	0	0	20	0	1	3	1	23	0	38	0	0	19	0	8	0	3	0	1	0	109	0	2	0	0	0	2	0	0	0	0	1	0	0	0
Otu000177_Cellvibrio	43	2	0	90	0	1	1	2	0	0	0	0	0	0	0	0	0	0	0	3	0	20	8	0	0	0	2	0	0	0	0	0	0	0	0	0	0	0	0	1	0	0	0	0	0	0	0	0	0	0	26	0	77	3	0	1	6	22	8	0	0	9	0	6	2	55	15	2	3	1	18	1	0	0	0	0	0	4	1	0	0	0	0	50	0	0	0	0	7	7	2	9	0	9	0	9	5	3	15	0	0
Otu000178_Marmoricola	125	3	0	3	1	0	0	0	0	1	0	0	0	0	0	0	0	0	0	0	3	0	0	0	4	0	1	0	0	0	0	0	0	0	0	0	0	26	0	1	0	0	0	0	0	0	16	1	0	0	0	9	9	10	2	1	0	32	19	34	11	51	14	12	23	4	5	19	28	4	31	35	12	5	3	0	0	11	12	7	10	19	20	2	0	70	1	1	11	6	9	3	5	13	7	18	4	42	1	14	12
Otu000179_Gaiella	9	0	0	0	0	0	0	0	0	0	0	0	0	0	0	0	0	3	0	0	2	3	0	0	0	0	0	0	0	0	0	0	0	0	0	0	0	0	0	0	0	0	0	0	0	0	0	0	0	0	2	27	43	5	0	6	9	4	15	17	0	46	9	2	13	4	7	17	11	4	19	24	8	1	4	0	0	7	7	19	7	10	18	1	0	22	0	0	15	3	0	7	6	2	0	2	2	17	7	20	15
Otu000180_Pseudomonas	4	2	0	56	0	0	0	8	0	0	90	11	1	3	1	6	4	0	4	323	11	3	217	0	3	5	4	0	14	458	0	0	0	0	0	41	0	2	8	8	4	0	0	0	7	6	25	0	10	0	1	0	0	1	3	2	20	0	9	0	0	1	0	18	4	1	2	0	1	2	2	0	1	0	0	0	0	0	0	0	0	0	0	4	45	2	6	0	0	2	2	0	0	8	0	0	4	0	65	0	0
Otu000182_Reyranella	187	2	0	0	0	0	0	14	0	0	0	0	0	0	0	2	0	0	0	2	4	19	1	1	0	0	5	2	0	0	0	2	0	0	0	0	28	39	0	0	0	0	8	7	0	0	0	0	0	4	23	10	23	0	0	6	0	3	3	11	8	37	3	0	23	7	5	13	5	1	2	0	15	1	1	1	0	0	11	4	0	0	6	9	0	8	0	0	28	8	0	2	7	4	16	1	11	4	7	11	11
Otu000183_Arenimonas	0	10	0	0	0	1	8	0	0	0	0	0	0	0	0	0	0	0	0	0	0	0	0	0	0	0	3	0	0	0	0	0	0	0	0	4	130	15	0	0	0	0	2	0	0	0	0	0	0	0	6	50	4	2	0	0	48	19	3	77	1	40	11	2	9	2	3	31	13	13	21	27	6	2	6	0	0	20	4	0	1	21	7	0	0	1	0	0	18	0	6	1	7	4	0	1	2	21	0	6	29
Otu000184_Intrasporangiaceae_unclassified	9	1	0	0	0	0	0	0	0	0	0	0	0	0	0	0	0	0	0	0	6	0	0	4	0	0	10	0	0	0	1	0	0	0	0	0	0	2	0	0	1	0	0	0	0	0	0	0	0	0	0	85	10	13	1	210	5	83	43	24	4	41	10	58	34	14	2	17	43	8	75	12	46	0	8	0	0	2	1	5	16	70	19	1	1	9	0	1	36	7	29	16	18	3	3	2	0	33	4	13	2
Otu000185_Hyphomicrobium	147	8	0	0	0	0	0	3	0	0	0	0	3	0	0	0	0	0	0	0	3	0	0	5	0	0	0	0	0	0	0	0	0	0	0	3	0	0	2	0	0	0	0	0	3	1	0	0	0	0	7	33	23	13	0	21	0	24	4	5	35	13	3	2	30	1	14	6	12	4	7	0	18	10	3	0	0	3	17	0	5	20	11	3	3	0	0	0	19	11	22	17	8	4	0	15	31	3	3	4	2
Otu000186_Xanthomonas	35	30	254	2	16	5	0	0	0	6	6	0	0	81	0	0	0	0	1	11	73	12	23	56	17	2	2	0	2	0	0	36	0	11	15	0	0	0	2	54	17	129	2	0	1	0	0	28	19	0	3	0	1	0	0	7	0	0	8	0	0	0	0	0	0	0	4	0	0	0	0	1	0	0	1	0	0	0	1	0	1	1	0	1	0	0	0	0	0	0	0	0	0	1	0	0	4	4	0	2	0
Otu000187_Methylotenera	0	0	0	3	0	132	1	0	0	1	0	0	0	0	0	0	0	0	71	0	11	95	19	21	85	0	24	0	0	0	1	0	0	0	110	1	47	0	0	0	3	0	5	1	0	0	0	0	0	0	11	35	0	5	17	0	0	1	1	28	7	0	57	3	0	30	29	2	0	3	0	1	8	6	21	0	0	6	1	0	45	1	9	10	7	0	0	0	0	9	0	8	6	0	0	0	0	11	25	0	38
Otu000188_67-14_ge	23	0	0	0	0	0	0	2	0	0	0	0	0	0	0	0	0	0	0	0	1	272	0	0	0	0	3	0	0	0	0	0	0	0	0	0	0	0	0	0	0	0	0	0	1	0	0	0	0	0	2	6	2	7	3	1	14	1	1	40	0	11	1	0	2	0	7	87	7	1	1	40	4	0	0	0	0	0	3	106	0	3	59	0	0	82	0	0	0	2	0	0	2	1	0	0	1	1	0	5	25
Otu000191_Pajaroellobacter	45	1	1	4	1	1	0	0	0	0	0	0	2	0	0	4	0	0	0	0	3	36	0	0	0	0	0	0	0	1	0	0	0	0	0	0	6	0	10	0	0	0	0	0	0	9	0	0	0	0	15	5	5	3	5	12	3	27	0	23	18	11	3	2	25	5	17	19	4	2	10	18	3	3	1	0	0	6	3	1	0	11	11	15	0	29	17	0	10	13	4	9	0	2	0	7	0	3	15	1	14
Otu000194_uncultured	94	0	0	0	0	0	0	0	0	0	0	0	1	0	0	0	0	0	0	0	0	0	0	0	0	0	0	5	0	0	0	1	0	0	1	0	0	0	0	0	16	0	1	0	0	0	0	0	0	0	7	11	0	8	0	6	0	29	5	25	0	75	0	2	1	2	10	25	23	1	30	50	44	1	0	0	0	3	2	87	6	13	33	1	0	9	0	0	36	0	0	2	0	9	0	1	11	4	1	17	7
Otu000195_Alcaligenaceae_unclassified	1	37	0	9	5	155	1	8	0	70	0	2	3	5	0	26	0	4	5	41	0	0	48	0	0	2	41	0	0	41	11	10	0	1	4	13	5	0	76	0	1	98	0	0	10	45	2	0	6	1	1	0	0	6	7	0	0	0	0	0	0	7	4	8	0	4	2	2	3	21	2	5	0	1	6	25	34	10	2	0	1	1	10	0	0	4	7	152	0	0	0	1	2	1	0	1	3	10	0	0	1
Otu000196_Rhodopseudomonas	0	35	0	1	30	2	0	0	0	3	0	0	1	1	1	6	0	0	2	1	0	609	3	0	34	6	6	0	1	0	0	0	0	5	0	0	2	0	11	0	4	2	0	1	0	5	27	0	0	0	11	0	14	49	6	7	10	1	1	8	0	3	1	3	14	1	0	14	0	9	0	6	7	2	1	1	0	18	1	0	0	0	6	5	0	42	21	0	18	3	0	3	0	2	0	2	0	0	7	1	5
Otu000198_Clavibacter	0	5	0	0	0	33	0	8	0	83	0	3	176	153	1	44	0	0	3	66	6	0	0	7	0	0	3	22	0	0	129	6	1	11	26	0	0	0	31	0	5	104	17	0	0	2	21	47	0	0	0	2	4	0	8	0	0	0	0	5	2	0	38	11	2	0	0	0	7	164	0	4	6	40	117	3	0	2	11	0	18	0	10	0	0	0	3	2	1	1	0	85	27	0	0	1	0	121	0	9	6
Otu000199_Romboutsia	7	892	0	3	2	0	15	0	0	0	0	0	2	0	0	0	0	0	0	4	1	47	0	8	0	0	0	0	0	0	0	0	7	0	0	0	76	0	16	0	0	4	0	6	0	0	0	4	0	0	0	0	1	13	0	0	0	0	1	27	0	2	0	0	0	0	10	53	3	1	0	9	0	0	0	0	0	164	0	23	0	0	31	5	0	1	0	0	0	4	0	3	0	0	0	0	8	0	0	0	15
Otu000201_Rhizobiaceae_unclassified	66	3	0	1	0	2	0	0	0	2	0	0	0	0	0	2	0	0	0	1	0	0	1	0	10	0	0	0	0	0	0	0	0	0	0	0	36	0	23	0	0	4	1	0	0	0	0	0	0	0	22	17	34	14	6	11	1	13	2	16	5	8	6	3	10	22	15	7	6	7	14	12	16	4	4	4	0	8	8	18	3	4	2	14	19	26	1	0	6	23	12	13	10	17	0	6	2	10	15	4	7
Otu000203_Gaiella	0	0	0	0	0	0	0	0	0	0	0	0	0	0	0	0	0	0	0	0	13	4	0	2	0	0	0	0	0	0	0	0	0	0	0	3	0	0	0	0	0	0	0	0	0	0	30	0	0	0	1	30	42	2	1	2	0	10	11	25	11	31	21	1	25	3	7	37	9	1	16	26	15	1	4	0	0	3	5	17	2	14	29	0	0	6	0	0	12	3	3	4	22	0	0	7	9	12	1	10	8
Otu000204_Arenimonas	34	1	0	2	0	0	0	0	0	0	0	0	0	0	0	0	0	0	0	0	0	30	0	0	3	0	0	0	0	0	0	0	0	0	3	94	0	0	0	0	1	0	1	0	0	0	0	0	0	0	5	27	13	4	59	1	0	5	0	21	0	16	9	2	0	4	6	14	5	2	6	15	1	0	3	0	0	23	4	0	17	1	2	5	5	3	12	0	8	22	6	0	13	2	0	0	0	3	6	1	3
Otu000207_Pseudonocardia	30	0	0	0	0	0	0	0	0	0	0	0	0	0	0	0	0	0	1	0	2	12	2	1	0	0	0	0	0	0	0	0	0	0	0	0	0	0	0	0	0	0	0	0	1	0	1	0	0	0	21	24	1	3	0	0	5	16	24	18	0	20	19	4	12	24	20	13	7	4	16	1	26	3	4	0	0	4	40	2	1	16	12	2	7	9	0	0	18	13	9	7	4	12	0	29	10	24	1	10	3
Otu000209_Ilumatobacter	68	0	0	0	0	0	0	0	0	0	0	0	0	0	0	0	0	0	0	0	0	0	0	0	0	0	0	0	0	0	0	0	0	0	0	0	0	0	0	0	5	0	0	7	0	0	0	1	0	0	19	13	12	11	0	3	0	48	8	6	11	32	2	4	38	15	11	1	18	2	42	21	21	10	1	0	0	2	29	7	4	46	2	1	5	0	0	0	16	0	11	5	10	5	0	9	6	0	2	8	10
Otu000210_Cellulomonas	1	0	0	1	0	0	0	0	0	0	0	0	0	0	0	0	0	0	0	0	8	0	0	1	0	0	0	0	0	1	0	0	0	0	0	32	0	0	0	1	2	0	0	0	0	0	26	0	0	0	3	42	2	0	0	2	0	17	359	9	36	9	30	9	86	23	3	4	41	12	7	3	17	0	3	1	0	2	0	0	4	8	8	124	1	0	17	0	4	11	1	7	26	27	50	31	0	131	4	8	2
Otu000211_Iamia	32	42	0	0	0	0	0	5	0	0	0	0	0	0	0	1	0	0	0	0	5	0	1	0	0	0	5	0	0	1	0	0	0	0	0	22	0	0	1	0	0	0	0	0	0	3	0	0	0	0	9	27	22	19	2	23	0	45	3	4	0	7	11	2	25	46	12	0	17	18	39	3	34	14	9	2	0	11	18	0	0	20	0	0	35	3	1	0	11	48	23	9	8	15	5	3	0	11	1	8	0
Otu000212_Amaricoccus	7	1	0	0	0	0	0	0	0	0	0	0	1	0	0	0	0	13	0	0	2	0	0	0	0	0	0	0	0	0	2	0	0	0	0	0	65	0	0	1	0	0	0	0	0	0	0	0	0	0	14	16	21	3	0	47	5	15	12	1	7	18	16	2	37	44	24	2	37	9	9	2	39	1	3	0	0	0	8	8	12	11	0	6	1	3	0	0	30	49	3	15	20	31	8	16	0	10	9	12	0
Otu000214_Amaricoccus	271	0	0	0	0	0	0	0	0	0	0	0	0	0	0	0	0	0	0	0	1	0	1	0	0	0	0	0	0	0	0	0	0	0	0	9	1	0	0	0	0	0	0	0	0	0	0	0	13	0	20	4	5	39	0	39	2	2	0	0	4	3	4	0	12	39	17	0	9	1	3	0	44	0	1	0	0	0	7	0	4	3	0	0	27	0	0	0	7	30	5	12	2	15	0	0	20	0	4	9	0
Otu000216_Sphingomonadaceae_unclassified	100	116	0	10	0	335	7	3	0	5	0	0	1	0	0	3	0	0	7	4	0	0	37	0	7	0	29	0	0	0	2	7	0	0	5	8	79	0	54	0	0	58	11	0	0	17	0	1	0	0	1	15	7	8	17	0	0	6	0	7	30	0	12	55	0	35	0	0	7	13	13	0	2	17	12	6	0	23	4	0	0	5	0	0	5	0	0	9	0	13	8	3	3	0	4	1	13	4	4	2	0
Otu000218_Caulobacteraceae_unclassified	5	4	4	1	3	26	3	0	0	2	1	0	202	4	20	0	0	15	0	0	29	0	1	17	0	0	0	0	7	0	0	3	5	0	0	0	14	41	4	1	0	3	9	0	17	0	0	0	0	10	43	0	8	0	1	10	16	7	0	6	17	14	1	1	23	0	10	7	0	1	1	0	3	2	3	0	4	3	1	0	3	1	0	37	58	0	23	93	21	0	1	0	1	0	0	6	0	0	64	2	1
Otu000220_Arthrobacter	0	0	0	0	0	3	0	0	0	2	0	0	0	0	0	0	39	0	0	1	0	0	0	0	0	0	21	0	0	0	2	5	0	0	0	0	0	0	0	0	3	0	3	0	0	0	0	0	0	0	1	17	12	17	6	9	5	25	1	1	0	0	18	68	0	14	0	0	8	12	28	0	12	52	5	53	0	0	20	0	70	17	20	0	2	0	6	0	0	19	6	10	34	8	11	0	7	11	1	11	0
Otu000221_Mycobacterium	32	0	0	1	0	0	6	0	0	0	0	0	0	0	0	0	0	0	0	0	23	1	0	2	11	0	2	0	0	0	0	0	0	0	0	0	144	0	0	0	0	0	0	0	0	0	0	0	0	0	5	19	1	7	0	13	3	14	8	44	5	26	15	0	30	24	21	54	31	2	9	27	17	0	1	1	0	0	0	13	2	6	50	1	1	30	0	0	16	18	4	6	9	93	27	14	0	5	9	4	18
Otu000222_Candidatus_Ovatusbacter	0	18	0	1	0	1	26	0	0	0	0	0	0	0	0	0	0	0	0	0	0	0	2	0	0	3	5	0	0	0	3	0	0	0	0	0	0	0	0	0	0	0	0	0	0	0	0	0	0	0	0	0	18	0	36	0	0	19	1	13	0	6	0	3	70	4	1	14	22	1	3	10	22	6	0	0	0	44	8	0	0	5	0	0	29	3	0	0	0	7	10	47	4	17	57	1	2	5	0	4	12
Otu000224_Microvirga	8	0	0	0	0	0	0	0	0	0	0	0	0	0	0	0	0	0	0	0	0	0	0	0	0	0	0	0	0	0	0	0	0	0	0	0	0	0	0	0	5	0	0	0	0	0	52	0	0	0	0	12	2	2	0	1	7	4	13	18	58	70	16	3	95	7	4	17	42	3	2	9	50	0	3	1	0	0	3	88	12	3	28	2	0	2	0	0	81	5	0	17	23	8	64	102	0	7	0	43	8
Otu000226_Stenotrophomonas	1	0	0	0	0	0	0	2	1	0	0	0	0	0	138	1	0	0	2	4	0	1	1	0	0	0	4	0	0	50	1	0	0	1	0	1	0	0	0	0	2	0	0	0	3	0	3	2	0	2	0	4	0	0	2	5	18	0	235	4	0	0	1	2	1	0	0	0	2	8	4	0	0	0	9	0	0	4	0	0	1	5	0	0	0	2	23	7	0	0	0	3	1	0	0	0	0	1	0	0	0
Otu000229_Flavobacteriaceae_unclassified	0	198	0	50	1	17	0	65	0	61	9	0	0	14	0	8	0	0	1	13	0	29	84	0	0	0	39	0	0	15	34	2	0	0	7	0	0	0	64	0	0	37	1	0	0	1	89	0	0	0	0	0	10	0	7	2	0	0	83	0	0	17	0	0	0	0	0	0	22	28	6	0	1	9	5	19	0	4	9	11	10	0	2	0	0	0	0	0	0	0	0	1	2	0	0	0	114	7	0	0	0
Otu000230_Massilia	0	1	0	81	0	18	1	1	0	0	31	0	24	0	0	0	0	0	0	0	0	4	4	0	0	0	0	0	0	2	0	2	0	0	0	0	8	0	0	111	0	0	0	0	2	2	0	0	0	0	7	2	6	1	2	0	0	7	25	8	18	9	3	4	0	7	6	31	5	2	9	1	0	2	2	1	0	2	6	1	3	5	47	8	0	0	0	0	0	2	3	7	0	6	37	105	1	0	26	1	4
Otu000233_Tabrizicola	144	11	0	0	0	1	0	0	0	0	0	0	2	0	0	0	0	0	0	0	3	0	1	9	0	0	3	0	0	0	0	0	0	0	0	55	2	0	1	0	0	0	0	0	0	2	1	0	0	0	92	1	7	4	5	15	7	5	1	10	11	0	3	0	5	182	124	0	12	5	3	0	23	8	2	0	0	1	5	0	0	4	0	17	15	3	0	0	8	132	9	10	1	3	12	0	4	1	20	2	0
Otu000234_uncultured	46	0	0	0	0	0	0	0	0	0	0	0	1	0	0	0	0	0	0	0	1	0	0	5	0	0	2	0	0	0	0	1	0	0	0	0	0	0	0	0	2	0	0	0	0	0	0	0	0	0	6	9	30	8	0	19	0	17	6	3	6	66	6	2	50	12	8	1	33	8	26	7	54	0	2	0	0	0	11	13	1	15	0	5	19	0	0	0	58	5	2	28	1	7	3	4	64	10	3	33	0
Otu000236_Methylobacterium-Methylorubrum	0	1	0	0	4	0	0	2	0	0	0	0	0	0	0	0	0	0	0	0	0	0	0	0	0	0	0	1	1	1	0	0	10	2	1	0	0	1	5	0	2	5	0	0	5	1	346	7	0	0	10	0	2	1	0	0	27	0	0	10	10	4	0	1	3	1	1	1	2	0	0	11	4	0	1	0	0	5	0	0	0	0	0	2	0	3	12	0	28	3	0	2	0	8	0	0	0	0	2	14	18
Otu000238_TK10_ge	534	3	0	0	0	0	0	0	0	1	0	0	0	0	0	0	0	0	10	4	2	0	0	0	0	0	1	0	0	0	0	0	9	11	0	0	0	0	0	0	0	0	0	0	0	0	0	0	0	0	1	2	1	0	0	10	0	17	2	2	0	3	0	0	13	5	0	0	2	5	7	0	1	0	1	0	0	0	4	0	0	11	0	4	0	3	0	0	2	6	1	0	1	2	0	2	1	2	0	3	1
Otu000240_Sphingomonas	2	23	0	1	0	6	0	0	0	31	0	0	4	0	0	20	0	0	2	7	0	108	0	0	0	66	0	0	0	0	0	186	0	0	0	0	0	0	32	0	0	1	0	0	0	0	0	0	0	0	1	0	7	0	1	2	0	11	4	1	0	3	2	0	3	0	0	3	1	3	2	0	2	34	3	0	0	0	1	0	0	7	0	0	17	0	1	0	0	2	1	7	3	21	0	0	0	3	0	0	0
Otu000241_AKIW781_ge	549	0	0	154	0	0	0	0	0	0	0	0	0	0	0	0	0	0	0	0	0	0	0	0	0	0	0	0	0	0	0	0	0	0	0	0	0	0	0	0	0	2	0	0	0	0	0	0	0	0	0	0	7	23	0	0	0	5	0	0	0	1	2	0	0	3	0	0	1	2	1	8	1	3	0	0	0	0	3	0	0	0	0	0	0	2	20	0	1	0	1	0	2	0	0	0	0	0	0	0	0
Otu000243_Sphingomonas	25	0	1	2	0	0	0	0	0	0	0	0	0	0	0	0	0	0	0	0	0	0	0	0	0	0	8	0	0	1	0	0	0	0	1	0	0	0	1	0	0	0	0	0	0	0	0	0	0	0	8	26	0	4	2	4	0	52	16	15	10	23	21	44	0	17	17	23	36	5	63	28	14	3	2	19	0	1	1	2	5	41	12	1	3	1	0	0	1	10	62	1	7	19	0	5	0	3	13	3	0
Otu000244_Craurococcus-Caldovatus	418	0	0	0	0	0	0	1	0	1	0	0	0	0	0	0	0	0	0	0	0	0	0	0	0	0	0	0	0	0	0	0	0	0	0	0	0	0	0	0	0	0	0	0	0	0	0	0	0	0	4	3	4	0	1	2	0	5	8	0	2	11	4	2	10	7	4	0	8	2	4	0	17	0	0	0	0	0	6	0	0	10	0	2	21	0	0	6	1	0	0	2	3	8	14	0	0	5	6	8	0
Otu000245_Acidiphilium	376	0	0	1	0	0	0	0	0	0	0	0	0	0	0	0	0	0	0	0	0	0	0	0	0	0	0	0	0	0	0	0	0	0	0	0	0	1	0	0	0	0	0	0	0	0	0	0	0	0	10	0	3	0	0	0	0	0	0	0	109	0	0	0	0	0	9	0	2	0	0	0	0	0	0	1	0	0	0	0	0	0	0	4	5	0	0	0	0	1	0	5	0	0	0	1	0	0	11	6	0
Otu000248_Mycobacterium	29	2	0	1	0	2	0	1	0	2	0	2	0	0	0	1	0	0	0	0	10	8	1	23	0	0	2	0	0	3	1	0	0	0	3	0	13	0	5	0	2	0	0	0	2	1	0	23	0	0	16	18	10	2	6	7	5	4	15	19	26	25	40	0	16	6	15	21	21	5	7	1	12	7	3	0	0	8	9	3	2	3	14	0	1	6	4	26	28	15	7	8	14	6	14	33	5	15	1	7	8
Otu000249_uncultured	71	0	0	1	0	1	0	0	0	0	0	0	0	0	0	0	0	0	0	0	0	0	0	0	0	0	4	0	0	0	0	0	0	0	1	0	0	0	0	0	0	0	0	0	0	0	0	0	0	0	0	34	7	5	0	5	18	42	4	34	12	10	2	1	19	7	5	1	6	4	26	30	17	9	0	0	0	1	22	0	1	36	0	3	0	25	0	26	12	7	12	0	6	6	0	0	2	4	6	2	4
Otu000250_Acidibacter	0	1	0	0	32	0	0	0	0	0	0	31	3	0	0	0	193	0	0	0	0	2048	0	0	0	0	0	0	1	0	0	0	0	2	4	37	1	6	0	0	0	1	0	10	1	0	0	0	5	0	0	0	0	9	0	0	0	0	0	0	4	0	0	0	11	0	2	1	0	0	0	0	0	0	0	0	661	0	0	0	0	0	0	0	5	0	0	33	0	0	0	0	0	0	0	0	0	0	0	0	0
Otu000252_Sphingomonadaceae_unclassified	186	3	0	0	0	0	0	0	1	0	0	0	1	0	0	0	0	0	0	0	0	0	0	0	0	0	0	0	0	0	0	0	0	0	0	0	0	7	0	0	0	0	0	1	0	2	0	0	28	0	79	0	8	3	1	9	2	21	4	0	29	0	1	0	9	13	63	0	0	0	18	0	8	7	0	1	0	0	4	0	0	11	0	31	15	0	15	0	5	13	7	7	4	1	0	5	3	0	10	8	0
Otu000255_Peredibacter	0	4	0	16	0	2	0	7	0	0	2	13	1	1	0	0	0	0	0	0	0	0	15	0	0	0	0	5	0	4	0	0	0	0	0	0	0	10	1	0	9	0	4	0	0	3	1	0	338	0	3	5	0	8	0	2	91	15	3	4	0	4	3	2	4	2	2	14	0	7	20	6	14	2	2	3	0	0	2	11	15	16	14	3	0	0	0	0	12	7	2	1	2	2	0	5	4	0	2	0	0
Otu000257_Rhizobacter	72	0	2	0	0	0	0	0	0	0	0	0	0	0	0	0	0	0	0	1	0	0	0	0	0	0	0	0	0	0	0	0	0	0	0	0	2	0	0	0	0	0	0	0	0	0	0	0	0	0	8	8	8	19	0	7	3	34	13	18	1	3	8	12	21	0	13	2	17	0	42	5	22	1	4	0	0	13	8	0	6	15	0	1	15	6	0	0	9	0	30	7	2	6	10	18	5	1	1	5	6
Otu000258_IMCC26207	61	116	0	0	0	0	0	0	0	1	0	32	1	0	0	21	0	0	0	0	27	0	1	0	0	0	1	0	0	3	0	0	0	0	0	0	0	0	0	0	0	0	0	0	2	0	0	1	0	0	33	5	7	1	0	6	16	5	0	3	0	11	11	9	14	36	14	0	6	7	6	0	8	1	6	0	0	9	2	0	0	1	2	7	7	0	4	0	7	31	1	4	12	11	11	1	3	4	7	3	1
Otu000259_Sphingomonadaceae_unclassified	10	68	0	7	8	6	0	0	0	0	0	0	0	0	0	1	0	0	0	0	0	4	0	0	1	3	0	0	0	0	0	0	0	1	8	64	0	0	2	0	2	0	7	0	0	10	49	5	0	0	1	42	7	22	137	3	0	13	0	1	2	6	55	9	0	6	0	1	0	5	1	7	0	21	13	8	0	6	3	0	0	10	2	0	2	8	2	0	1	7	25	4	11	3	0	0	2	1	6	2	45
Otu000261_SC-I-84_ge	14	0	0	0	0	0	0	0	0	0	0	0	0	0	0	0	0	0	0	0	0	0	0	0	0	0	0	0	0	0	0	0	0	0	0	0	60	0	0	0	0	0	0	0	0	0	0	0	0	0	14	65	19	0	0	7	0	54	11	3	2	16	11	0	60	12	13	1	26	4	33	5	28	1	4	1	0	0	13	23	12	43	8	2	0	0	0	0	30	3	9	14	22	6	0	2	24	6	0	13	3
Otu000262_Rhodococcus	13	3	2	0	1	0	0	9	0	5	0	19	2	0	5	0	0	0	0	27	0	3	6	1	0	0	21	1	0	0	3	0	9	0	2	0	1	1	0	0	3	0	2	0	13	0	22	0	0	0	0	1	14	6	72	20	15	3	0	7	0	1	0	116	0	4	0	0	0	1	0	0	11	2	3	0	0	5	0	0	17	1	22	0	8	0	7	0	1	7	0	0	1	4	0	0	0	3	0	0	0
Otu000265_Nocardioides	30	0	0	1	0	0	0	0	0	1	0	0	0	0	0	0	0	0	0	0	0	0	0	4	0	0	1	0	0	0	0	0	0	0	0	3	0	2	0	0	1	0	0	0	0	1	3	1	0	0	5	18	33	7	1	6	7	12	20	5	0	25	18	17	29	2	3	3	48	7	7	6	20	2	1	1	0	0	22	10	21	4	5	0	2	0	0	1	5	11	6	9	4	9	19	2	5	15	3	27	0
Otu000266_Comamonadaceae_unclassified	25	44	0	502	3	1	0	0	0	2	1	0	8	2	0	12	0	0	2	2	0	1	1	0	6	3	13	0	1	2	1	6	0	0	0	15	8	0	11	0	4	6	3	1	2	29	1	1	0	0	12	4	20	5	5	3	13	3	0	2	0	2	5	4	0	11	3	0	3	20	5	11	4	16	3	16	0	9	13	0	12	3	2	4	4	0	7	1	1	11	14	25	8	1	0	0	1	4	1	0	0
Otu000272_Sphingobium	0	45	0	17	84	154	0	0	0	0	6	0	0	2	0	0	1	0	0	0	1	0	0	1	33	0	0	0	0	1	0	34	0	0	6	0	1	0	0	1	17	2	0	0	0	52	1	0	0	0	3	0	0	0	6	0	0	0	0	0	0	1	1	5	3	12	0	0	0	10	1	0	0	3	0	3	0	3	8	0	21	0	0	0	0	1	0	0	0	1	3	2	0	3	0	0	0	2	4	0	0
Otu000273_Microtrichales_unclassified	80	0	0	0	0	0	0	0	0	1	0	0	0	0	0	0	0	0	0	0	8	0	0	0	0	0	0	0	0	0	0	0	0	0	0	0	0	0	0	0	0	0	0	0	0	0	0	0	0	0	5	52	27	17	1	45	0	10	7	0	4	19	18	1	22	15	29	0	8	0	9	0	20	1	4	0	0	0	9	16	2	22	0	3	0	0	0	0	10	20	1	15	14	12	0	3	41	13	13	16	0
Otu000274_Methylobacterium-Methylorubrum	115	13	2	0	0	2	0	3	0	0	1	10	2	0	4	6	0	0	0	0	1	0	0	22	1	3	0	0	0	1	0	0	0	0	0	17	0	0	2	7	0	0	0	0	0	6	0	5	0	5	9	0	1	1	0	8	4	2	5	0	55	3	3	0	8	11	27	0	2	4	5	0	10	3	0	7	0	9	0	4	0	6	0	2	4	16	1	0	5	9	16	2	4	15	0	1	5	1	6	1	0
Otu000278_Oxalobacteraceae_unclassified	2	17	1	11	25	25	43	3	0	30	9	0	219	0	0	1	277	0	48	3	302	0	68	1	38	2	0	0	2	0	96	5	4	17	12	0	3	0	21	1	16	50	28	3	1	4	0	0	0	0	0	2	4	0	0	3	2	0	0	5	0	0	10	1	1	1	0	0	0	18	0	0	0	1	17	18	0	0	2	0	0	0	0	3	0	0	0	0	0	0	0	1	3	0	0	0	0	3	2	1	0
Otu000279_Flavobacterium	0	0	0	0	0	0	0	0	0	0	0	0	0	0	0	0	0	0	0	0	0	0	0	0	0	0	0	0	0	0	0	0	0	0	0	0	0	0	0	0	0	0	0	0	0	0	0	0	0	0	213	0	0	0	0	0	0	0	0	0	0	0	0	2	0	0	196	1	0	0	0	0	0	0	1	0	0	0	0	0	2	0	0	970	0	0	0	0	0	0	0	0	0	0	0	0	0	0	351	1	0
Otu000281_Chloroflexales_unclassified	395	0	0	117	0	0	0	0	0	0	0	0	83	0	0	204	0	0	0	0	0	0	0	0	0	0	0	0	0	0	0	0	0	0	0	0	0	0	0	0	0	0	0	0	0	0	0	1	0	0	0	1	19	0	0	0	0	0	1	9	0	0	0	3	0	0	0	0	0	0	0	0	0	1	0	0	0	0	0	0	0	4	0	0	0	24	0	0	0	0	0	4	1	0	0	0	0	0	0	0	0
Otu000283_Paracoccus	0	0	0	3	0	0	0	0	0	1	0	0	0	0	0	0	0	0	0	0	0	0	0	0	0	0	11	0	0	0	0	0	0	0	0	0	0	0	0	0	0	0	2	0	0	0	0	0	0	0	1	1	0	68	0	0	0	202	3	0	0	1	4	139	5	10	1	0	2	1	156	0	2	0	1	0	0	0	0	0	14	102	6	4	0	0	0	0	2	7	43	0	0	16	0	0	0	2	4	2	0
Otu000284_Flavobacterium	0	171	0	673	0	48	56	0	0	7	0	94	0	0	0	3	0	0	0	24	0	0	7	0	0	0	31	0	0	0	0	0	0	0	0	0	12	0	51	0	0	11	0	0	0	0	38	0	0	0	1	2	0	0	0	0	0	1	2	0	0	0	0	0	0	5	19	0	88	36	11	0	13	26	3	0	0	0	0	3	8	0	1	0	0	0	0	0	0	0	0	0	0	4	0	0	0	1	5	5	0
Otu000287_Cellulosimicrobium	0	0	0	0	0	0	0	0	1	0	0	7	0	0	0	0	0	0	0	0	2	0	0	1	0	0	0	0	0	0	2	0	0	0	0	0	79	0	1	0	0	0	0	0	0	0	10	0	0	0	2	0	0	0	2	0	0	3	462	0	0	0	0	5	6	31	119	0	10	4	0	0	6	0	0	0	0	0	1	0	1	0	0	245	0	0	0	0	0	10	1	1	0	46	16	190	0	81	8	2	0
Otu000289_Croceicoccus	37	10	3	0	3	1	0	0	0	0	0	54	0	0	1	5	41	1	0	0	2	12	0	0	0	0	0	0	0	0	0	0	0	0	0	3	10	1	0	0	0	0	0	0	1	0	116	1	327	0	0	0	0	3	2	0	9	0	2	0	8	0	0	0	0	1	0	0	0	0	0	15	0	0	2	0	69	0	0	3	0	0	0	0	79	0	19	0	0	0	0	0	1	0	1	1	0	0	0	0	0
Otu000290_Actinomyces	51	1	0	1	5	0	0	0	0	0	0	5	0	0	8	0	186	1	0	8	2	0	0	0	15	0	0	0	1	0	0	0	0	0	0	0	48	0	0	0	0	0	0	0	0	0	0	7	156	0	0	0	0	0	0	0	18	0	0	0	0	0	0	0	0	0	0	0	0	0	0	4	0	0	0	0	322	0	0	0	0	0	0	0	0	0	27	43	0	0	0	0	0	0	91	0	0	0	0	0	0
Otu000291_Phenylobacterium	5	2	0	1	0	0	0	0	0	0	0	5	0	0	0	0	0	0	0	0	1	0	2	1	0	0	0	0	0	2	2	0	0	0	0	0	0	0	0	0	0	0	0	0	0	1	0	0	0	0	19	18	6	0	2	0	0	7	7	16	12	30	8	3	9	4	10	10	21	1	8	22	11	0	4	0	0	2	10	3	0	11	6	3	5	10	0	0	1	3	7	7	5	12	7	148	0	6	3	9	3
Otu000297_Gemmatimonas	42	0	0	0	0	0	0	0	0	0	0	0	0	0	0	0	0	0	0	0	0	0	0	0	0	0	0	0	0	0	0	0	0	0	0	0	1	0	0	0	0	1	0	0	0	0	0	0	0	0	5	13	4	8	0	3	0	50	2	11	28	1	10	7	4	17	9	5	21	1	23	9	51	23	1	3	0	7	6	17	2	30	2	2	21	2	0	0	6	21	12	7	4	1	1	5	1	1	0	4	1
Otu000313_Sphingomonas	0	1	0	3	0	211	0	0	0	0	0	2	0	1	0	0	0	0	1	0	0	0	0	0	0	0	1	0	0	0	0	31	0	4	0	1	0	0	1	2	0	3	0	0	0	2	3	3	0	0	3	5	9	13	2	0	1	2	1	11	2	2	0	21	0	1	0	5	41	2	1	0	5	2	0	7	0	50	31	11	0	9	0	0	3	4	0	0	4	9	90	9	2	3	0	2	0	3	15	13	0
Otu000314_Oxalobacteraceae_unclassified	0	8	0	6	0	0	0	0	0	1	0	0	0	0	0	0	0	0	0	0	0	0	1	0	1	0	2	0	0	12	0	0	0	0	0	0	0	0	48	0	28	79	0	0	0	0	0	0	0	0	0	64	0	2	0	0	0	10	0	64	0	0	59	10	0	9	0	72	2	1	11	0	5	2	2	0	0	2	4	7	0	8	1	0	1	8	0	0	0	8	28	2	26	1	0	1	0	0	0	0	100
Otu000315_Polyangiales_unclassified	460	0	0	1	0	0	0	0	0	0	0	0	0	0	0	0	0	0	0	0	0	0	0	0	0	0	0	0	0	0	0	0	0	0	0	0	0	0	0	0	0	0	0	0	0	0	0	0	0	0	3	4	2	0	7	0	0	5	5	0	0	0	0	0	0	2	5	0	0	0	0	0	2	0	1	0	0	0	0	0	0	2	0	0	0	0	0	0	0	0	0	0	0	0	0	3	4	2	0	3	0
Otu000318_Comamonadaceae_unclassified	0	4	0	15	1	6	0	8	0	3	101	0	4	0	8	3	0	0	0	0	0	1	27	1	0	0	4	0	0	16	0	0	0	0	0	0	1	0	3	882	0	0	0	0	0	0	2	1	2	15	2	0	3	4	0	1	25	0	2	2	1	2	0	2	1	0	9	1	2	0	0	0	4	0	0	0	0	0	0	0	2	2	0	5	0	0	0	0	0	4	0	0	0	1	1	0	13	1	0	0	0
Otu000319_Flavobacterium	0	252	0	80	0	0	0	4	0	3	0	0	25	0	0	1	0	0	0	0	0	0	2	31	0	1	0	0	0	37	1	0	0	0	3	0	0	0	0	0	0	5	0	0	0	0	0	0	0	0	0	0	1	0	3	0	0	0	0	1	0	0	6	0	30	1	0	2	0	2	0	0	0	0	22	0	0	0	0	0	0	0	0	0	0	0	0	0	7	0	0	0	0	2	0	0	0	1	1	0	0
Otu000320_Croceicoccus	19	7	0	0	2	0	0	0	0	0	0	57	0	0	1	2	71	4	0	1	1	12	0	2	0	0	0	0	1	1	0	0	0	1	0	7	16	4	0	0	0	0	0	0	2	0	85	0	14	3	0	0	0	5	0	0	10	0	1	0	3	0	0	0	0	1	0	0	0	0	0	12	0	0	0	0	63	0	0	3	0	0	0	0	70	2	16	0	0	0	0	0	0	0	1	0	0	0	0	0	0
Otu000330_Lautropia	213	3	0	0	0	0	0	0	0	0	0	0	0	0	0	0	0	0	0	0	0	0	1	0	0	0	1	0	0	0	0	0	0	0	0	11	0	0	0	0	0	0	0	0	0	0	0	1	0	0	0	9	9	22	3	5	1	47	2	0	0	15	17	9	10	7	5	0	20	2	38	0	12	1	3	0	0	3	9	0	0	30	3	5	6	0	0	0	4	10	25	15	11	4	0	4	2	3	4	7	0
Otu000334_Microbacteriaceae_unclassified	0	2	0	1	0	9	0	1	0	14	0	1	48	87	0	0	0	0	0	8	27	0	1	2	0	0	0	9	0	0	190	0	0	63	5	0	3	0	1	0	18	3	2	0	0	0	0	0	0	0	0	2	5	2	1	0	2	0	0	2	0	0	4	5	5	2	0	0	2	25	0	1	1	5	7	30	0	1	1	2	27	1	6	1	0	0	0	0	0	7	0	8	2	2	1	0	0	36	0	5	3
Otu000335_Flavobacteriaceae_unclassified	0	0	0	0	0	0	0	0	0	0	0	0	0	0	0	0	0	0	0	0	0	0	0	0	0	0	0	0	0	0	0	0	0	0	0	0	0	0	0	0	0	0	0	0	0	0	0	0	0	0	0	0	0	0	0	187	0	0	6	0	0	2	0	0	0	0	0	0	0	0	0	0	0	0	0	0	0	0	0	413	0	0	0	0	0	0	0	0	0	0	5	1	14	0	0	4	0	0	0	0	0
Otu000343_Sphingopyxis	10	191	0	2	0	0	37	0	0	2	0	11	0	0	0	0	0	0	0	0	0	11	4	3	7	0	2	0	0	0	0	0	0	0	1	0	10	0	3	0	1	3	1	0	0	2	0	0	0	0	11	4	11	1	1	77	0	1	0	0	0	0	0	1	0	68	29	2	0	7	2	0	2	3	2	0	0	3	0	0	0	1	1	19	9	0	4	0	0	7	2	0	0	1	0	0	3	0	12	0	0
Otu000350_Bacteriovorax	25	33	0	183	0	20	0	4	0	5	12	0	4	0	0	0	0	0	0	1	0	24	42	10	0	1	0	0	0	101	0	0	0	15	0	0	30	0	0	62	8	1	0	0	0	0	0	0	0	0	3	3	3	0	0	11	0	0	0	9	0	1	1	1	7	5	4	5	0	5	1	0	1	0	1	0	0	2	2	0	0	0	3	14	24	0	0	0	0	2	0	0	0	2	0	0	0	0	0	0	1
Otu000353_Cryobacterium	0	6	0	0	2	43	0	0	0	0	0	0	2	10	0	13	0	0	37	25	1	0	1	2	0	0	0	0	0	0	1	2	0	118	4	0	0	0	3	0	1	0	54	0	0	0	0	6	0	0	0	2	0	0	0	0	0	0	1	0	25	7	12	3	20	1	0	0	2	83	4	0	1	3	2	5	0	2	6	0	0	0	1	0	0	0	0	4	0	0	0	2	45	0	0	3	0	0	0	1	5
Otu000355_Rubrobacter	310	0	0	0	0	0	0	0	0	0	0	0	0	0	0	0	0	0	0	0	0	0	0	0	0	0	0	0	0	0	0	0	0	0	0	0	0	2	0	0	0	0	0	0	1	0	0	0	0	0	0	1	11	0	0	27	16	2	1	0	0	9	4	0	8	9	6	0	8	0	3	0	6	0	0	0	0	0	2	7	0	2	0	0	18	0	7	0	11	0	0	3	2	12	0	1	14	2	1	1	0
Otu000372_Sphingomonas	510	0	0	0	0	0	0	0	0	0	0	0	1	0	0	0	0	0	0	0	0	0	0	0	0	0	0	0	0	0	0	0	0	0	0	0	0	0	0	0	0	0	0	0	0	0	0	0	0	0	0	0	1	0	1	0	19	0	0	0	0	0	0	2	0	3	0	0	0	0	0	0	0	0	0	0	0	0	0	0	0	3	0	0	58	0	0	0	0	0	0	0	0	0	12	0	0	4	0	4	0
Otu000376_Nocardioidaceae_unclassified	116	4	0	0	0	0	0	0	0	0	0	0	1	0	0	0	0	0	1	0	15	0	0	0	0	0	0	0	0	0	0	0	0	0	0	2	0	6	0	0	0	0	0	0	0	0	106	0	307	0	1	0	12	0	0	1	4	1	1	9	3	3	0	0	6	1	2	10	9	1	5	16	4	0	0	0	0	0	0	0	1	4	11	0	0	36	0	0	6	4	2	6	0	1	0	3	0	0	0	4	4
Otu000381_Intrasporangiaceae_unclassified	16	0	0	2	0	0	0	1	0	1	0	0	0	0	0	0	0	0	0	0	0	0	0	0	0	0	0	0	0	0	0	0	0	0	0	0	0	1	0	0	0	0	1	0	0	0	0	0	0	0	2	117	25	7	0	43	5	22	1	0	2	0	117	19	0	4	1	0	0	10	41	0	0	6	11	1	0	0	4	0	1	14	0	0	3	0	2	0	0	5	14	0	86	0	0	0	0	4	0	0	0
Otu000400_Acidiphilium	1126	0	0	0	0	0	0	0	0	1	0	0	0	0	0	0	0	0	0	0	0	0	0	0	0	0	0	0	0	0	0	0	0	0	0	0	0	0	0	0	0	0	0	0	0	0	0	0	0	0	0	0	2	0	0	0	0	0	0	0	0	0	0	0	0	0	0	0	0	0	0	0	0	0	0	0	0	0	0	0	0	0	0	0	13	0	0	0	0	0	0	1	0	0	0	0	0	0	0	0	0
Otu000411_Micrococcaceae_unclassified	0	0	0	0	0	0	0	0	0	0	0	0	0	0	0	6	0	0	0	0	0	0	0	0	0	0	133	0	0	0	602	1	0	0	3	0	0	0	0	0	0	1	2	0	0	0	0	0	0	0	0	0	1	0	8	0	0	0	0	1	0	0	10	3	0	1	0	0	0	15	0	0	3	0	2	0	0	0	1	0	0	0	5	0	0	1	0	0	0	0	0	0	5	0	0	0	0	120	0	1	0
Otu000423_Micrococcales_unclassified	0	0	0	0	0	0	0	0	0	0	0	0	0	0	0	0	0	0	0	0	0	0	0	0	0	0	0	0	0	0	0	0	0	0	0	0	0	0	0	0	0	0	0	0	0	0	0	0	0	0	0	0	0	0	0	2550	0	0	0	0	0	0	0	0	0	0	0	0	0	0	0	0	0	0	0	0	0	0	0	0	0	0	0	0	0	0	0	0	0	0	0	0	0	0	0	0	0	0	0	0	0
Otu000431_Chryseobacterium	0	5	0	8	0	79	0	19	0	16	0	0	3	6	0	0	0	0	0	4	1	4	3	0	0	0	62	0	0	39	308	0	0	0	2	0	0	0	1	0	0	2	0	0	0	2	0	0	0	0	0	0	16	0	2	2	0	3	0	3	0	5	3	0	1	1	0	0	0	21	0	1	1	1	9	1	0	13	0	0	1	0	0	7	0	0	2	0	1	0	0	0	0	0	0	0	24	26	0	0	0
Otu000435_Devosia	27	57	0	2	0	363	5	1	0	1	0	0	0	0	0	9	0	0	2	6	0	16	22	0	4	0	8	1	0	2	1	15	0	0	8	0	0	0	19	0	3	1	16	0	0	0	0	3	0	0	0	9	2	3	3	0	0	3	3	0	0	1	2	19	0	21	4	2	4	6	9	0	9	1	5	36	0	0	20	0	15	2	4	0	0	0	1	0	4	13	5	0	6	1	2	2	10	1	4	0	1
Otu000438_Pseudomonas	0	41	0	3	0	16	1	0	0	5	178	0	0	3	0	5	22	0	0	2	17	0	9	0	13	0	2	0	3	10	8	9	0	0	0	0	0	0	5	580	3	0	0	0	0	0	1	0	0	0	0	0	0	1	0	0	0	1	10	0	0	0	0	4	0	0	0	0	0	5	0	0	0	0	0	0	0	0	1	0	0	0	1	0	0	0	0	0	0	0	0	1	0	0	0	0	0	2	0	1	0
Otu000460_Clostridium_sensu_stricto_1	6	1003	0	4	0	0	0	0	0	0	0	0	0	0	0	0	0	0	0	0	1	0	1	0	0	0	0	0	0	0	0	0	0	0	0	0	0	0	130	1	0	0	0	0	0	0	0	0	0	0	0	0	0	0	0	0	0	0	0	1	0	0	0	0	0	0	0	0	0	0	0	0	0	0	0	0	0	0	0	0	0	0	0	0	0	0	0	0	0	0	0	11	0	0	0	2	0	0	0	0	0
Otu000478_Aquabacterium	15	0	0	1	0	0	0	0	0	0	0	0	0	0	0	1	0	0	0	0	0	0	2	0	0	0	0	0	0	456	0	1	1	0	0	0	13	0	0	4	0	0	0	0	0	0	0	0	0	0	3	2	7	1	0	0	0	10	4	0	0	0	0	1	0	6	2	2	0	5	19	0	1	0	0	0	0	1	14	0	0	0	0	0	15	0	0	0	3	18	0	6	0	0	0	0	0	3	0	0	6
Otu000493_Sandaracinus	0	0	0	1	0	0	0	0	0	0	0	0	0	0	0	0	0	0	0	0	0	570	0	0	0	0	0	0	0	0	0	0	0	0	0	0	0	0	0	0	0	0	1	0	0	0	0	0	0	0	15	52	3	0	6	0	0	4	0	0	0	0	1	0	0	0	0	0	0	78	2	0	0	1	0	0	0	0	7	0	0	1	0	0	0	0	0	0	0	0	0	0	6	0	0	0	0	0	0	0	0
Otu000508_Saccharibacillus	0	0	0	224	0	0	0	0	0	144	0	0	0	0	0	0	0	0	0	0	0	0	0	0	0	0	161	0	0	0	0	0	0	0	0	0	0	0	0	0	0	0	0	0	0	0	0	0	0	0	0	0	0	0	0	0	0	0	0	0	0	0	0	0	0	0	0	0	0	0	0	0	0	0	0	0	0	0	0	0	0	0	0	0	0	0	0	0	0	0	0	0	0	0	0	0	0	0	0	0	0
Otu000534_Cellulosimicrobium	0	0	0	0	0	0	0	0	0	0	0	2	0	0	0	0	0	0	0	0	8	0	0	2	0	0	0	0	0	0	0	0	0	0	0	0	337	0	0	0	0	0	0	0	0	0	0	0	0	0	4	0	0	0	0	0	0	0	25	0	0	1	0	4	0	14	71	0	3	0	0	0	2	0	0	0	0	0	1	5	0	0	0	80	0	0	0	0	0	10	0	0	0	39	27	34	0	10	3	0	0
Otu000535_Oxalobacteraceae_unclassified	0	0	0	4	0	0	0	6	0	0	0	0	0	0	0	1	0	0	0	0	0	0	0	0	0	0	0	0	0	5	0	0	0	0	0	0	0	0	578	0	0	10	0	0	0	0	0	0	0	0	0	0	0	0	0	0	0	0	1	15	0	0	0	1	0	0	0	39	0	0	0	0	0	0	1	0	0	1	0	0	3	0	44	0	0	45	0	0	0	2	0	0	0	4	0	0	0	0	0	0	1
Otu000653_Neisseria	1	0	0	0	1	0	0	0	0	0	0	0	0	0	4	0	0	0	0	7	0	0	0	0	1	0	0	0	2	0	0	0	2	0	0	12	0	0	0	0	0	0	0	0	0	0	0	0	552	0	0	0	0	23	0	0	0	0	0	0	0	0	0	0	0	0	0	0	0	0	0	0	0	0	0	0	0	0	0	0	0	0	0	0	0	0	18	0	4	0	0	0	0	0	4	0	0	0	0	0	0
Otu000678_Buttiauxella	0	0	0	0	0	0	0	0	0	0	0	0	0	0	0	0	0	0	0	0	0	0	0	0	0	0	0	0	0	0	0	0	0	0	0	0	0	0	0	0	0	0	0	2	0	0	0	0	0	0	0	0	0	0	3	0	0	3	0	0	0	0	0	7	836	0	0	0	0	0	0	0	0	0	0	0	0	0	0	0	0	0	0	0	0	0	0	0	0	0	0	0	0	0	20	0	0	3	0	0	0
Otu000741_Corynebacterium	0	0	6	0	0	0	0	0	0	0	0	0	0	0	0	0	0	0	0	0	0	0	0	0	0	0	0	0	0	0	0	0	0	0	0	0	0	0	0	0	0	0	0	0	0	0	0	0	0	0	0	0	0	0	0	0	11	0	0	0	0	0	0	0	0	0	0	0	0	0	0	0	0	0	0	0	717	0	0	0	3	0	0	0	0	0	0	0	0	0	0	0	0	0	0	0	0	0	0	0	0
Otu000753_Deinococcus	0	0	0	0	0	0	0	0	0	0	0	232	0	0	0	0	597	0	0	0	0	0	0	0	0	0	0	0	0	0	0	0	0	0	0	0	0	0	0	0	0	0	0	0	0	0	0	0	0	0	0	0	0	0	0	0	0	0	0	0	0	0	0	0	0	0	0	0	0	0	0	0	0	0	0	0	0	0	0	0	0	0	0	1	0	0	0	0	0	0	0	0	0	0	0	0	3	0	3	0	0
Otu000764_uncultured	573	0	0	0	0	0	0	0	0	0	0	0	0	0	0	0	0	0	0	0	0	0	0	0	0	0	0	0	0	0	0	0	0	0	0	0	0	0	0	0	0	0	0	0	0	0	0	0	0	0	0	0	0	0	7	0	0	0	0	0	0	0	0	0	0	0	0	0	0	0	0	0	0	0	0	0	0	0	0	0	0	0	0	0	5	0	0	0	0	0	0	0	0	0	0	0	0	0	0	0	0
Otu000769_Methylobacterium-Methylorubrum	0	0	0	0	0	0	0	0	0	0	0	0	0	0	0	0	0	0	0	0	0	0	0	0	0	0	0	0	0	1	0	0	0	0	0	0	0	0	0	0	0	0	0	0	0	0	0	0	958	0	1	1	0	0	0	0	0	0	0	0	0	0	0	0	0	1	0	0	0	0	0	0	1	0	0	0	0	0	0	0	0	3	0	0	0	0	0	0	0	0	0	0	1	0	0	0	0	0	0	0	0
Otu000781_Dermatophilaceae_unclassified	0	0	0	0	0	0	0	0	0	0	0	0	0	0	0	0	0	0	0	0	0	0	0	0	0	0	0	0	0	0	0	0	0	0	0	0	0	0	0	0	0	0	0	0	0	0	0	0	0	0	0	0	0	0	0	1114	0	0	0	0	0	0	0	0	0	0	0	0	0	0	0	0	0	0	0	0	0	0	0	0	0	0	0	0	0	0	0	0	0	0	0	0	0	0	0	0	0	0	0	0	0
Otu000818_Acidibacter	0	0	0	0	0	0	0	0	0	0	0	0	0	0	0	0	0	0	0	0	0	549	0	0	0	0	0	0	0	0	0	0	0	0	0	0	0	0	0	0	0	0	0	0	0	0	0	0	0	0	0	0	0	0	0	0	0	0	0	0	0	3	0	0	0	0	0	4	0	0	1	0	0	0	0	0	0	0	0	5	0	1	0	0	0	40	0	0	27	0	0	0	0	0	0	2	0	0	0	0	0
Otu001064_Enterobacteriaceae_unclassified	0	0	0	0	0	0	0	0	0	0	0	419	0	0	0	0	0	0	0	1	0	0	0	0	0	0	0	0	0	0	0	0	0	0	0	0	0	0	0	0	0	0	0	0	0	0	1	0	0	0	0	0	0	0	0	0	0	0	0	0	0	0	0	0	0	0	0	0	0	0	0	0	0	0	0	0	78	0	0	0	0	1	0	0	39	0	0	1	0	0	0	0	0	0	0	0	0	0	0	0	0
